0 0.9576210826210827 0.2604166666666667 0.9990740740740741 0.2604166666666667 0.9990740740740741 0.294597719988345 0.9576210826210827 0.294597719988345
0 0.8299247049247049 0.3983516483516484 0.9026760276760277 0.3983516483516484 0.9026760276760277 0.42925824175824173 0.8299247049247049 0.42925824175824173
0 0.2743691493691494 0.3654418498168498 0.3537342287342288 0.3654418498168498 0.3537342287342288 0.4014995421245421 0.2743691493691494 0.4014995421245421
0 0.35933048433048437 0.42467948717948717 0.43259055759055753 0.42467948717948717 0.43259055759055753 0.4547275641025641 0.35933048433048437 0.4547275641025641
0 0.35780423280423285 0.47847985347985345 0.4041005291005291 0.47847985347985345 0.4041005291005291 0.49937042124542125 0.35780423280423285 0.49937042124542125
0 0.30235042735042733 0.6908195970695971 0.3751017501017501 0.6908195970695971 0.3751017501017501 0.7200091575091575 0.30235042735042733 0.7200091575091575
0 0.607091982091982 0.699404761904762 0.6686507936507936 0.699404761904762 0.6686507936507936 0.742330586080586 0.607091982091982 0.742330586080586
0 0.7149470899470899 0.8759729853479853 0.806013431013431 0.8759729853479853 0.806013431013431 0.9126030219780219 0.7149470899470899 0.9126030219780219
0 0.28708791208791207 0.9701236263736264 0.3691694228101997 0.9701236263736264 0.3691694228101997 0.9994791666666667 0.28708791208791207 0.9994791666666667
0 -6.579099405186113e-18 0.7513612689393939 0.03256523569023568 0.7513612689393939 0.03256523569023568 0.7882588440205628 -6.579099405186113e-18 0.7882588440205628
