0 0.761223344556678 0.007260101010101009 0.8757014590347924 0.007260101010101009 0.8757014590347924 0.05934343434343434 0.761223344556678 0.05934343434343434
0 0.7836700336700336 0.2904040404040404 0.882435465768799 0.2904040404040404 0.882435465768799 0.3598484848484848 0.7836700336700336 0.3598484848484848
0 0.8869248035914702 0.3405934343434343 0.9778338945005611 0.3405934343434343 0.9778338945005611 0.39046717171717166 0.8869248035914702 0.39046717171717166
0 0.4228395061728395 0.5527146464646464 0.5260942760942762 0.5527146464646464 0.5260942760942762 0.6010101010101009 0.4228395061728395 0.6010101010101009
0 0.3072390572390573 0.6133207070707071 0.39534231200897874 0.6133207070707071 0.39534231200897874 0.6732954545454545 0.3072390572390573 0.6732954545454545
0 0.08164983164983171 0.6600378787878788 0.20847362514029183 0.6600378787878788 0.20847362514029183 0.7253787878787877 0.08164983164983171 0.7253787878787877
0 0.0737934904601572 0.5028409090909091 0.16863075196408536 0.5028409090909091 0.16863075196408536 0.553030303030303 0.0737934904601572 0.553030303030303
0 0.13103254769921444 0.8405934343434343 0.29545454545454547 0.8405934343434343 0.29545454545454547 0.9400252525252525 0.13103254769921444 0.9400252525252525
0 0.45258136924803594 0.06029040404040404 0.5075757575757577 0.06029040404040404 0.5075757575757577 0.10511363636363637 0.45258136924803594 0.10511363636363637
0 0.0 0.41477272727272724 0.05695847362514036 0.41477272727272724 0.05695847362514036 0.4471199373543123 0.0 0.4471199373543123
0 0.9694163860830528 0.030618686868686865 0.9985970819304153 0.030618686868686865 0.9985970819304153 0.06818181818181818 0.9694163860830528 0.06818181818181818
