0 0.4041005291005291 0.10330815018315018 0.4503968253968254 0.10330815018315018 0.4503968253968254 0.13679029304029303 0.4041005291005291 0.13679029304029303
0 0.6961233211233211 0.04922161172161172 0.8014346764346764 0.04922161172161172 0.8014346764346764 0.09787087912087912 0.6961233211233211 0.09787087912087912
0 0.8970797720797721 0.07554945054945054 0.9596560846560845 0.07554945054945054 0.9596560846560845 0.11017628205128203 0.8970797720797721 0.11017628205128203
0 0.6961233211233211 0.3339629120879121 0.8161884411884412 0.3339629120879121 0.8161884411884412 0.39205586080586075 0.6961233211233211 0.39205586080586075
0 0.8187321937321936 0.37488553113553114 0.916921041921042 0.37488553113553114 0.916921041921042 0.4266826923076923 0.8187321937321936 0.4266826923076923
0 0.36747049247049246 0.5935210622710623 0.46209808709808703 0.5935210622710623 0.46209808709808703 0.6401671245421245 0.36747049247049246 0.6401671245421245
0 0.24944037444037448 0.653617216117216 0.35068172568172573 0.653617216117216 0.35068172568172573 0.7131410256410257 0.24944037444037448 0.7131410256410257
0 0.004731379731379764 0.543154761904762 0.11614774114774118 0.543154761904762 0.11614774114774118 0.6115499084249084 0.004731379731379764 0.6115499084249084
0 0.019993894993895023 0.7154304029304029 0.12784900284900286 0.7154304029304029 0.12784900284900286 0.7815361721611721 0.019993894993895023 0.7815361721611721
0 0.07748270248270253 0.9005837912087912 0.2280728530728531 0.9005837912087912 0.2280728530728531 0.9993131868131867 0.07748270248270253 0.9993131868131867
