0 0.5501383125864454 0.35766770401106496 0.630436453050561 0.35766770401106496 0.630436453050561 0.3866269017980636 0.5501383125864454 0.3866269017980636
0 0.5144075610880591 0.350103734439834 0.5585907484247734 0.350103734439834 0.5585907484247734 0.37992738589211617 0.5144075610880591 0.37992738589211617
0 0.1889887813124328 0.5819934301521438 0.26851851851851855 0.5819934301521438 0.26851851851851855 0.6139782157676348 0.1889887813124328 0.6139782157676348
0 0.2331719686491471 0.6563364453665284 0.36264791762717075 0.6563364453665284 0.36264791762717075 0.7417012448132779 0.2331719686491471 0.7417012448132779
0 0.31577531888735205 0.72268326417704 0.4260411864146304 0.72268326417704 0.4260411864146304 0.7816822268326417 0.31577531888735205 0.7816822268326417
0 0.683840479483633 0.6055497925311203 0.7798908867373597 0.6055497925311203 0.7798908867373597 0.6610909405255878 0.683840479483633 0.6610909405255878
0 0.82911918328585 0.7161458333333334 0.9199311490978158 0.7161458333333334 0.9199311490978158 0.765224358974359 0.82911918328585 0.765224358974359
0 0.8552350427350428 0.774238782051282 0.9157763532763532 0.774238782051282 0.9157763532763532 0.8099626068376068 0.8552350427350428 0.8099626068376068
0 0.23379629629629628 0.8430154914529915 0.38218186134852805 0.8430154914529915 0.38218186134852805 0.914463141025641 0.23379629629629628 0.914463141025641
0 0.10440408357075023 0.656383547008547 0.1637583095916429 0.656383547008547 0.1637583095916429 0.6977831196581196 0.10440408357075023 0.6977831196581196
