0 0.5766998341625207 0.3487769485903814 0.6688317670904735 0.3487769485903814 0.6688317670904735 0.3752072968490879 0.5766998341625207 0.3752072968490879
0 0.5292518887046249 0.34203980099502485 0.5895983047724341 0.34203980099502485 0.5895983047724341 0.37261608623548914 0.5292518887046249 0.37261608623548914
0 0.22337387138382164 0.578099087893864 0.29293348074442604 0.578099087893864 0.29293348074442604 0.6242226368159204 0.22337387138382164 0.6242226368159204
0 0.12248940482771331 0.6558354063018241 0.18053252257232358 0.6558354063018241 0.18053252257232358 0.6985903814262022 0.12248940482771331 0.6985903814262022
0 0.28924820342730795 0.66412728026534 0.42560346416067807 0.66412728026534 0.42560346416067807 0.7576699834162519 0.28924820342730795 0.7576699834162519
0 0.3680210060807076 0.7356446932006633 0.4974663718444813 0.7356446932006633 0.4974663718444813 0.7955016583747926 0.3680210060807076 0.7955016583747926
0 0.2818776487930717 0.8675373134328357 0.43711995577667223 0.8675373134328357 0.43711995577667223 0.9473466003316748 0.2818776487930717 0.9473466003316748
0 0.7402340151096369 0.6097118573797677 0.8282200110558319 0.6097118573797677 0.8282200110558319 0.6667184908789385 0.7402340151096369 0.6667184908789385
0 0.872903998525889 0.7200974295190713 0.9516768011792888 0.7200974295190713 0.9516768011792888 0.7690713101160861 0.872903998525889 0.7690713101160861
0 0.9033075363921134 0.7789179104477612 0.9595080154781647 0.7789179104477612 0.9595080154781647 0.8131218905472636 0.9033075363921134 0.8131218905472636
0 0.15605002908667834 0.5341950261780105 0.2098603839441536 0.5341950261780105 0.2098603839441536 0.5753708551483421 0.15605002908667834 0.5753708551483421
