0 0.6016237912789636 0.322198275862069 0.7015143222039774 0.322198275862069 0.7015143222039774 0.35811781609195403 0.6016237912789636 0.35811781609195403
0 0.5610290093048713 0.3186063218390805 0.61941251596424 0.3186063218390805 0.61941251596424 0.3499076354679803 0.5610290093048713 0.3499076354679803
0 0.34072249589490966 0.6624076354679803 0.4866812625433315 0.6624076354679803 0.4866812625433315 0.7606732348111659 0.34072249589490966 0.7606732348111659
0 0.42099981755154164 0.7411740558292282 0.5623973727422003 0.7411740558292282 0.5623973727422003 0.805316091954023 0.42099981755154164 0.805316091954023
0 0.7877212187557013 0.5982655993431856 0.8876117496807151 0.5982655993431856 0.8876117496807151 0.657789408866995 0.7877212187557013 0.657789408866995
0 0.9169837645865043 0.7095462328767124 0.9975266362252664 0.7095462328767124 0.9975266362252664 0.7676940639269406 0.9169837645865043 0.7676940639269406
0 0.953132927447996 0.7773259132420092 0.9975266362252664 0.7773259132420092 0.9975266362252664 0.8176369863013698 0.953132927447996 0.8176369863013698
0 0.3328893962455607 0.8814925799086758 0.5142694063926941 0.8814925799086758 0.5142694063926941 0.9706763698630138 0.3328893962455607 0.9706763698630138
0 0.23522323693556568 0.5679223744292237 0.31513191273465246 0.5679223744292237 0.31513191273465246 0.6125142694063928 0.23522323693556568 0.6125142694063928
0 0.12423896499238962 0.6478310502283106 0.2016108574327752 0.6478310502283106 0.2016108574327752 0.698130707762557 0.12423896499238962 0.698130707762557
0 0.1584855403348554 0.520476598173516 0.21746575342465754 0.520476598173516 0.21746575342465754 0.5686358447488584 0.1584855403348554 0.5686358447488584
