0 0.5974856970791931 0.3026761517615176 0.6983589280337248 0.3026761517615176 0.6983589280337248 0.3382452574525745 0.5974856970791931 0.3382452574525745
0 0.2007678410117435 0.5520833333333334 0.29260764829870517 0.5520833333333334 0.29260764829870517 0.6041666666666666 0.2007678410117435 0.6041666666666666
0 0.13602830472749175 0.5071985094850948 0.19775669978922014 0.5071985094850948 0.19775669978922014 0.5486957994579946 0.13602830472749175 0.5486957994579946
0 0.09763625414031922 0.6397357723577236 0.18345377898223425 0.6397357723577236 0.18345377898223425 0.6905487804878049 0.09763625414031922 0.6905487804878049
0 0.29260764829870517 0.6511686991869918 0.470264980427582 0.6511686991869918 0.470264980427582 0.7676151761517614 0.29260764829870517 0.7676151761517614
0 0.3852002408912978 0.7417852303523035 0.5417795844625113 0.7417852303523035 0.5417795844625113 0.8078421409214092 0.3852002408912978 0.8078421409214092
0 0.28959650707618184 0.8929539295392954 0.4770400481782596 0.8929539295392954 0.4770400481782596 0.9937330623306233 0.28959650707618184 0.9937330623306233
0 0.9279584462511292 0.7019817073170731 0.9990740740740741 0.7019817073170731 0.9990740740740741 0.7573387585201609 0.9279584462511292 0.7573387585201609
0 0.7796597410418549 0.5855352303523035 0.89257753688648 0.5855352303523035 0.89257753688648 0.6498983739837398 0.7796597410418549 0.6498983739837398
0 0.9671032821439326 0.7700817242547425 0.9990740740740741 0.7700817242547425 0.9990740740740741 0.815040650406504 0.9671032821439326 0.815040650406504
