0 0.33193041526374867 0.0006313131313131313 0.39029180695847365 0.0006313131313131313 0.39029180695847365 0.04292929292929293 0.33193041526374867 0.04292929292929293
0 0.527216610549944 0.37499999999999994 0.5827721661054995 0.37499999999999994 0.5827721661054995 0.41414141414141414 0.527216610549944 0.41414141414141414
0 0.542929292929293 0.44381313131313127 0.5979236812570146 0.44381313131313127 0.5979236812570146 0.47695707070707066 0.542929292929293 0.47695707070707066
0 0.8672839506172838 0.7414772727272727 0.936307519640853 0.7414772727272727 0.936307519640853 0.7768308080808081 0.8672839506172838 0.7768308080808081
0 0.819023569023569 0.7307449494949495 0.8594276094276093 0.7307449494949495 0.8594276094276093 0.7648358585858585 0.819023569023569 0.7648358585858585
0 0.559203142536476 0.9277146464646464 0.6248597081930415 0.9277146464646464 0.6248597081930415 0.9652777777777778 0.559203142536476 0.9652777777777778
0 0.2421436588103255 0.8049242424242423 0.3094837261503929 0.8049242424242423 0.3094837261503929 0.861111111111111 0.2421436588103255 0.861111111111111
0 0.23035914702581375 0.8355429292929292 0.3324915824915825 0.8355429292929292 0.3324915824915825 0.8974116161616161 0.23035914702581375 0.8974116161616161
0 0.08950617283950624 0.8118686868686869 0.1360830527497195 0.8118686868686869 0.1360830527497195 0.8500631313131313 0.08950617283950624 0.8500631313131313
0 0.14898989898989906 0.5880681818181818 0.21576879910213245 0.5880681818181818 0.21576879910213245 0.6208964646464646 0.14898989898989906 0.6208964646464646
