0 0.32379767827529027 0.16350538971807627 0.38368343467845956 0.16350538971807627 0.38368343467845956 0.20185530679933664 0.32379767827529027 0.20185530679933664
0 0.38368343467845956 0.3303793532338308 0.4361986364473927 0.3303793532338308 0.4361986364473927 0.3715796019900497 0.38368343467845956 0.3715796019900497
0 0.19250967385295745 0.740049751243781 0.25193477059148706 0.740049751243781 0.25193477059148706 0.769330431177446 0.19250967385295745 0.769330431177446
0 0.1598028376635342 0.7991293532338307 0.21692463607886495 0.7991293532338307 0.21692463607886495 0.8348880597014925 0.1598028376635342 0.8348880597014925
0 0.44402985074626866 0.8890443615257048 0.4928597751980836 0.8890443615257048 0.4928597751980836 0.923766583747927 0.44402985074626866 0.923766583747927
0 0.5932835820895521 0.8955223880597014 0.6531693384927215 0.8955223880597014 0.6531693384927215 0.9419050580431176 0.5932835820895521 0.9419050580431176
0 0.8176248387691173 0.7719216417910446 0.9420029482218536 0.7719216417910446 0.9420029482218536 0.8636504975124377 0.8176248387691173 0.8636504975124377
0 0.3445273631840796 0.9698901326699833 0.38690805233093795 0.9698901326699833 0.38690805233093795 0.9924336650082918 0.3445273631840796 0.9924336650082918
0 0.5808457711442785 0.5920916252072969 0.638428229224249 0.5920916252072969 0.638428229224249 0.6242226368159204 0.5808457711442785 0.6242226368159204
0 0.44655921353452216 0.2501286008230453 0.4991426611796982 0.2501286008230453 0.4991426611796982 0.2854938271604938 0.44655921353452216 0.2854938271604938
