0 0.2421436588103255 0.16477272727272724 0.30106621773288444 0.16477272727272724 0.30106621773288444 0.19981060606060605 0.2421436588103255 0.19981060606060605
0 0.872895622895623 0.04229797979797979 0.9548260381593715 0.04229797979797979 0.9548260381593715 0.08301767676767675 0.872895622895623 0.08301767676767675
0 0.6546798736721218 0.7279150516795866 0.7723944875107666 0.7279150516795866 0.7723944875107666 0.819969315245478 0.6546798736721218 0.819969315245478
0 0.49964111398219935 0.8954699612403101 0.5778782658627619 0.8954699612403101 0.5778782658627619 0.9431120801033592 0.49964111398219935 0.9431120801033592
0 0.3417312661498708 0.8861837855297157 0.4034596612115992 0.8861837855297157 0.4034596612115992 0.9160610465116279 0.3417312661498708 0.9160610465116279
0 0.2768562401263823 0.32582938388625593 0.3479462875197472 0.32582938388625593 0.3479462875197472 0.3732227488151659 0.2768562401263823 0.3732227488151659
0 0.09913112164296993 0.7447176145339652 0.1557398630858346 0.7447176145339652 0.1557398630858346 0.7765600315955766 0.09913112164296993 0.7765600315955766
0 0.07280147446024217 0.8019845971563981 0.13292083552747055 0.8019845971563981 0.13292083552747055 0.8417259083728279 0.07280147446024217 0.8417259083728279
0 0.2693961734246094 0.9755134281200633 0.3119624363700193 0.9755134281200633 0.3119624363700193 0.9972353870458137 0.2693961734246094 0.9972353870458137
0 0.49144286466561343 0.5946386255924171 0.5454186413902053 0.5946386255924171 0.5454186413902053 0.6264810426540285 0.49144286466561343 0.6264810426540285
0 0.36584211949175455 0.25281326034063256 0.41450391997837255 0.25281326034063256 0.41450391997837255 0.28892944038929436 0.36584211949175455 0.28892944038929436
