0 0.6411335578002245 0.08554292929292928 0.7219416386083053 0.08554292929292928 0.7219416386083053 0.12531565656565655 0.6411335578002245 0.12531565656565655
0 0.9205948372615039 0.16950757575757575 0.9795173961840627 0.16950757575757575 0.9795173961840627 0.20359848484848483 0.9205948372615039 0.20359848484848483
0 0.031144781144781215 0.16982323232323232 0.09960718294051635 0.16982323232323232 0.09960718294051635 0.2048611111111111 0.031144781144781215 0.2048611111111111
0 0.05471380471380477 0.33491161616161613 0.12991021324354662 0.33491161616161613 0.12991021324354662 0.3803661616161616 0.05471380471380477 0.3803661616161616
0 0.404320987654321 0.7749368686868686 0.5232884399551067 0.7749368686868686 0.5232884399551067 0.8592171717171716 0.404320987654321 0.8592171717171716
0 0.27749719416386087 0.9053030303030302 0.34259259259259267 0.9053030303030302 0.34259259259259267 0.9545454545454545 0.27749719416386087 0.9545454545454545
0 0.11083052749719423 0.9059343434343433 0.16975308641975312 0.9059343434343433 0.16975308641975312 0.9340277777777778 0.11083052749719423 0.9340277777777778
0 0.26851851851851855 0.6051136363636364 0.3212682379349046 0.6051136363636364 0.3212682379349046 0.6347853535353535 0.26851851851851855 0.6347853535353535
0 0.951459034792368 0.7799873737373737 0.9957912457912458 0.7799873737373737 0.9957912457912458 0.8166035353535352 0.951459034792368 0.8166035353535352
0 0.7236251402918069 0.380050505050505 0.8229517396184063 0.380050505050505 0.8229517396184063 0.42676767676767674 0.7236251402918069 0.42676767676767674
