0 0.43462555962555965 0.32537774725274726 0.510938135938136 0.32537774725274726 0.510938135938136 0.37774725274725274 0.43462555962555965 0.37774725274725274
0 0.370014245014245 0.35256410256410253 0.4417480667480667 0.35256410256410253 0.4417480667480667 0.38690476190476186 0.370014245014245 0.38690476190476186
0 -1.3158198810372226e-17 0.40733640081799594 0.0736764371733697 0.40733640081799594 0.0736764371733697 0.4428141170136953 -1.3158198810372226e-17 0.4428141170136953
0 0.4752897068847989 0.5038343558282209 0.6019654623949101 0.5038343558282209 0.6019654623949101 0.5664621676891616 0.4752897068847989 0.5664621676891616
0 0.20489661440581686 0.5996932515337423 0.2747670983867303 0.5996932515337423 0.2747670983867303 0.6447469325153374 0.20489661440581686 0.6447469325153374
0 0.17024539877300612 0.4376917177914111 0.24750056805271534 0.4376917177914111 0.24750056805271534 0.4757157464212679 0.17024539877300612 0.4757157464212679
0 0.5854919336514428 0.5639059304703476 0.691717791411043 0.5639059304703476 0.691717791411043 0.6124744376278118 0.5854919336514428 0.6124744376278118
0 0.9115541922290387 0.8195296523517382 0.9990740740740741 0.8195296523517382 0.9990740740740741 0.9125862340391042 0.9115541922290387 0.9125862340391042
0 0.14809134287661896 0.7671267893660532 0.2236423540104522 0.7671267893660532 0.2236423540104522 0.8355061349693251 0.14809134287661896 0.8355061349693251
0 0.5593615087480118 0.93935327198364 0.6479777323335605 0.93935327198364 0.6479777323335605 0.99814672801636 0.5593615087480118 0.99814672801636
