0 0.8767297517297518 0.1628319597069597 0.9362535612535613 0.1628319597069597 0.9362535612535613 0.19574175824175824 0.8767297517297518 0.19574175824175824
0 0.9362535612535613 0.1642628205128205 0.9917073667073667 0.1642628205128205 0.9917073667073667 0.19717261904761904 0.9362535612535613 0.19717261904761904
0 0.8177146927146928 0.044356684981684984 0.8782560032560033 0.044356684981684984 0.8782560032560033 0.07898351648351648 0.8177146927146928 0.07898351648351648
0 0.5582519332519332 0.3408310439560439 0.6472832722832722 0.3408310439560439 0.6472832722832722 0.37345467032967034 0.5582519332519332 0.37345467032967034
0 0.5043243793243793 0.3688759157509158 0.568935693935694 0.3688759157509158 0.568935693935694 0.4095123626373626 0.5043243793243793 0.4095123626373626
0 0.48397435897435903 0.32967032967032966 0.5511294261294262 0.32967032967032966 0.5511294261294262 0.3668727106227106 0.48397435897435903 0.3668727106227106
0 0.3262617012617013 0.40779532967032966 0.3954517704517705 0.40779532967032966 0.3954517704517705 0.43669871794871795 0.3262617012617013 0.43669871794871795
0 0.48346560846560843 0.44900412087912084 0.5455331705331706 0.44900412087912084 0.5455331705331706 0.4793383699633699 0.48346560846560843 0.4793383699633699
0 0.6691595441595442 0.9246222527472526 0.7668396418396418 0.9246222527472526 0.7668396418396418 0.9907280219780219 0.6691595441595442 0.9907280219780219
0 0.8095746845746846 0.9071657509157508 0.9021672771672772 0.9071657509157508 0.9021672771672772 0.960679945054945 0.8095746845746846 0.960679945054945
0 0.7088420838420838 0.337396978021978 0.7408933658933659 0.337396978021978 0.7408933658933659 0.36086309523809523 0.7088420838420838 0.36086309523809523
