0 0.014234383637368753 0.31690505804311775 0.07872673668693572 0.31690505804311775 0.07872673668693572 0.34540837479270314 0.014234383637368753 0.34540837479270314
0 0.10360235857748298 0.23346807628524044 0.15335360235857748 0.23346807628524044 0.15335360235857748 0.2573072139303482 0.10360235857748298 0.2573072139303482
0 0.169937350285609 0.5254975124378108 0.23442970333517596 0.5254975124378108 0.23442970333517596 0.5635883084577115 0.169937350285609 0.5635883084577115
0 0.004560530679933707 0.5164282752902155 0.0598396904367054 0.5164282752902155 0.0598396904367054 0.5483001658374792 0.004560530679933707 0.5483001658374792
0 0.25884466556108354 0.6791563018242123 0.3122811866592961 0.6791563018242123 0.3122811866592961 0.714655887230514 0.25884466556108354 0.714655887230514
0 0.3781555187027824 0.616967247097844 0.4403445734291505 0.616967247097844 0.4403445734291505 0.6436567164179103 0.3781555187027824 0.6436567164179103
0 0.839736502671826 0.6123030679933664 0.9221945826423438 0.6123030679933664 0.9221945826423438 0.6490982587064676 0.839736502671826 0.6490982587064676
0 0.874746637184448 0.6770833333333333 0.9438455868804126 0.6770833333333333 0.9438455868804126 0.7169879767827527 0.874746637184448 0.7169879767827527
0 0.7056845402616546 0.5962375621890547 0.7729408512990601 0.5962375621890547 0.7729408512990601 0.6270729684908789 0.7056845402616546 0.6270729684908789
0 0.42191818684356003 0.8009432006633498 0.4670628339782569 0.8009432006633498 0.4670628339782569 0.8315194859038141 0.42191818684356003 0.8315194859038141
