0 0.5693292795282845 0.17153814262023215 0.6223051409618573 0.17153814262023215 0.6223051409618573 0.19770936981757875 0.5693292795282845 0.19770936981757875
0 0.36249309010503045 0.15236318407960198 0.423760825502119 0.15236318407960198 0.423760825502119 0.1782752902155887 0.36249309010503045 0.1782752902155887
0 0.2644869750132908 0.24668560606060605 0.3300549353180932 0.24668560606060605 0.3300549353180932 0.27634070972886765 0.2644869750132908 0.27634070972886765
0 0.4230905546695021 0.45601574960127594 0.5112528796739323 0.45601574960127594 0.5112528796739323 0.5016198165869219 0.4230905546695021 0.5016198165869219
0 0.41821726032252354 0.5554475677830941 0.4753677122098175 0.5554475677830941 0.4753677122098175 0.591581937799043 0.41821726032252354 0.591581937799043
0 0.8869395711500975 0.7969248405103667 0.9383306751727805 0.7969248405103667 0.9383306751727805 0.8320624003189792 0.8869395711500975 0.8320624003189792
0 0.12987588652482268 0.811114804964539 0.1919326241134752 0.811114804964539 0.1919326241134752 0.8512854609929078 0.12987588652482268 0.8512854609929078
0 0.01955279747832941 0.6529255319148937 0.08062450748620963 0.6529255319148937 0.08062450748620963 0.6878324468085106 0.01955279747832941 0.6878324468085106
0 0.2800925925925926 0.6387965425531914 0.3283589440504334 0.6387965425531914 0.3283589440504334 0.667331560283688 0.2800925925925926 0.667331560283688
0 0.9535097925150282 0.33158813263525305 0.9932615861935232 0.33158813263525305 0.9932615861935232 0.35476657940663175 0.9535097925150282 0.35476657940663175
0 0.9491467907698276 0.3542212041884817 0.9855051386464997 0.3542212041884817 0.9855051386464997 0.37412739965095987 0.9491467907698276 0.37412739965095987
0 0.7857766143106457 0.5271051483420593 0.8240740740740741 0.5271051483420593 0.8240740740740741 0.5554646596858638 0.7857766143106457 0.5554646596858638
0 0.9268470040721348 0.6596313263525304 0.9952006980802791 0.6596313263525304 0.9952006980802791 0.7070789703315881 0.9268470040721348 0.7070789703315881
0 0.15752242926155977 0.7621635610766045 0.2213595583160801 0.7621635610766045 0.2213595583160801 0.7890139751552795 0.15752242926155977 0.7890139751552795
0 0.4517053024247269 0.4087604916067146 0.5016653343991473 0.4087604916067146 0.5016653343991473 0.4398606115107914 0.4517053024247269 0.4398606115107914
