0 0.657967032967033 0.10531135531135531 0.6986670736670737 0.10531135531135531 0.6986670736670737 0.13249771062271062 0.657967032967033 0.13249771062271062
0 0.4046092796092796 0.08928571428571427 0.4697293447293447 0.08928571428571427 0.4697293447293447 0.11647206959706959 0.4046092796092796 0.11647206959706959
0 0.2972629222629222 0.1928800366300366 0.36696174196174197 0.1928800366300366 0.36696174196174197 0.22521749084249085 0.2972629222629222 0.22521749084249085
0 0.5465506715506715 0.4060782967032967 0.6493182743182744 0.4060782967032967 0.6493182743182744 0.4464285714285714 0.5465506715506715 0.4464285714285714
0 0.5241656491656492 0.35943223443223443 0.5801282051282052 0.35943223443223443 0.5801282051282052 0.39949633699633696 0.5241656491656492 0.39949633699633696
0 0.4910968660968661 0.5279876373626373 0.5490944240944241 0.5279876373626373 0.5490944240944241 0.5660485347985348 0.4910968660968661 0.5660485347985348
0 0.17312779812779816 0.8138736263736264 0.23875661375661378 0.8138736263736264 0.23875661375661378 0.863095238095238 0.17312779812779816 0.863095238095238
0 0.04034391534391538 0.6370192307692307 0.11411273911273913 0.6370192307692307 0.11411273911273913 0.6779418498168498 0.04034391534391538 0.6779418498168498
0 0.8324684574684574 0.5048076923076923 0.8680809930809931 0.5048076923076923 0.8680809930809931 0.5305631868131868 0.8324684574684574 0.5305631868131868
0 0.09077796389354173 0.21511201842546068 0.12195235436441462 0.21511201842546068 0.12195235436441462 0.2347414154103853 0.09077796389354173 0.2347414154103853
0 0.10799367206402379 0.25855841708542715 0.13404987902475335 0.25855841708542715 0.13404987902475335 0.27897298994974873 0.10799367206402379 0.27897298994974873
0 0.9552469135802469 0.3876017720306513 0.9914325244785015 0.3876017720306513 0.9914325244785015 0.404364224137931 0.9552469135802469 0.404364224137931
0 0.3134844614729672 0.6219767720306514 0.3698914431673052 0.6219767720306514 0.3698914431673052 0.6566989942528737 0.3134844614729672 0.6566989942528737
