0 0.19449531949531948 0.22235576923076922 0.25554538054538056 0.22235576923076922 0.25554538054538056 0.24839743589743588 0.19449531949531948 0.24839743589743588
0 0.3567867317867318 0.2403846153846154 0.4051180301180301 0.2403846153846154 0.4051180301180301 0.2675709706959707 0.3567867317867318 0.2675709706959707
0 0.10495522995522999 0.3013392857142857 0.16702279202279205 0.3013392857142857 0.16702279202279205 0.3339629120879121 0.10495522995522999 0.3339629120879121
0 0.1354802604802605 0.5016597985347986 0.21382783882783882 0.5016597985347986 0.21382783882783882 0.5368589743589743 0.1354802604802605 0.5368589743589743
0 0.30947293447293445 0.5165407509157509 0.36543549043549045 0.5165407509157509 0.36543549043549045 0.5480196886446886 0.30947293447293445 0.5480196886446886
0 0.0021876271876272225 0.7649381868131867 0.03474765974765979 0.7649381868131867 0.03474765974765979 0.804429945054945 0.0021876271876272225 0.804429945054945
0 0.5562169312169312 0.7889766483516483 0.6091269841269842 0.7889766483516483 0.6091269841269842 0.8233173076923077 0.5562169312169312 0.8233173076923077
0 0.45548433048433046 0.6673534798534798 0.5104293854293854 0.6673534798534798 0.5104293854293854 0.7028388278388279 0.45548433048433046 0.7028388278388279
0 0.5440069190069191 0.6063988095238095 0.6131969881969882 0.6063988095238095 0.6131969881969882 0.6284340659340659 0.5440069190069191 0.6284340659340659
0 0.5669006919006918 0.5445856227106227 0.6218457468457469 0.5445856227106227 0.6218457468457469 0.5714858058608059 0.5669006919006918 0.5714858058608059
0 0.8772385022385022 0.5869391025641025 0.952024827024827 0.5869391025641025 0.952024827024827 0.6172733516483516 0.8772385022385022 0.6172733516483516
0 0.09579772079772082 0.6513278388278388 0.1461640211640212 0.6513278388278388 0.1461640211640212 0.6802312271062271 0.09579772079772082 0.6802312271062271
