0 0.3954517704517705 0.1216231684981685 0.45650183150183155 0.1216231684981685 0.45650183150183155 0.14795100732600733 0.3954517704517705 0.14795100732600733
0 0.6193019943019943 0.1390796703296703 0.6691595441595442 0.1390796703296703 0.6691595441595442 0.1674107142857143 0.6193019943019943 0.1674107142857143
0 0.27945665445665446 0.2186355311355311 0.36696174196174197 0.2186355311355311 0.36696174196174197 0.25526556776556775 0.27945665445665446 0.25526556776556775
0 0.48957061457061457 0.38461538461538464 0.5546906796906796 0.38461538461538464 0.5546906796906796 0.42124542124542125 0.48957061457061457 0.42124542124542125
0 0.4793956043956044 0.431547619047619 0.5765669515669516 0.431547619047619 0.5765669515669516 0.4707532051282051 0.4793956043956044 0.4707532051282051
0 0.4595543345543346 0.5460164835164835 0.5165343915343915 0.5460164835164835 0.5165343915343915 0.5815018315018315 0.4595543345543346 0.5815018315018315
0 0.15277777777777782 0.813301282051282 0.22654660154660156 0.813301282051282 0.22654660154660156 0.8545100732600732 0.15277777777777782 0.8545100732600732
0 0.03729141229141233 0.6467490842490842 0.10088522588522592 0.6467490842490842 0.10088522588522592 0.6865270146520146 0.03729141229141233 0.6865270146520146
0 0.8183621933621933 0.5153882575757576 0.8496272246272246 0.5153882575757576 0.8496272246272246 0.5407535173160174 0.8183621933621933 0.5407535173160174
0 0.2986111111111111 0.6333912037037037 0.3515946502057613 0.6333912037037037 0.3515946502057613 0.6576967592592593 0.2986111111111111 0.6576967592592593
0 0.17885270327799063 0.7656549329501916 0.23047041294167733 0.7656549329501916 0.23047041294167733 0.7896012931034484 0.17885270327799063 0.7896012931034484
