0 0.5120954287620955 0.03847597597597597 0.5804971638304972 0.03847597597597597 0.5804971638304972 0.0734328078078078 0.5120954287620955 0.0734328078078078
0 0.3890557223890558 0.15366929429429427 0.4653820487153821 0.15366929429429427 0.4653820487153821 0.19026839339339338 0.3890557223890558 0.19026839339339338
0 0.8269936603269936 0.059356231231231224 0.8803803803803804 0.059356231231231224 0.8803803803803804 0.08492867867867868 0.8269936603269936 0.08492867867867868
0 0.7398231564898231 0.34253003003003 0.7990490490490489 0.34253003003003 0.7990490490490489 0.37819069069069067 0.7398231564898231 0.37819069069069067
0 0.718551885218552 0.3817098348348348 0.7957123790457123 0.3817098348348348 0.7957123790457123 0.4485735735735735 0.718551885218552 0.4485735735735735
0 0.6801801801801801 0.537256006006006 0.7485819152485819 0.537256006006006 0.7485819152485819 0.5790165165165164 0.6801801801801801 0.5790165165165164
0 0.04657546994230407 0.6833385678391959 0.10520193560394561 0.6833385678391959 0.10520193560394561 0.7225973618090452 0.04657546994230407 0.7225973618090452
0 0.3223153320918684 0.8740398044692737 0.39214773432650524 0.8740398044692737 0.39214773432650524 0.934270251396648 0.3223153320918684 0.934270251396648
0 0.21265259673080902 0.6691980912476723 0.29489964825160353 0.6691980912476723 0.29489964825160353 0.7105155959031657 0.21265259673080902 0.7105155959031657
0 0.07453962342230501 0.228381052141527 0.12057728119180634 0.228381052141527 0.12057728119180634 0.24874883612662943 0.07453962342230501 0.24874883612662943
0 0.1350610386923236 0.36135358472998136 0.1723049865507966 0.36135358472998136 0.1723049865507966 0.3831762104283054 0.1350610386923236 0.3831762104283054
