0 0.4385802469135802 0.06527777777777778 0.5009259259259259 0.06527777777777778 0.5009259259259259 0.09305555555555554 0.4385802469135802 0.09305555555555554
0 0.31203703703703706 0.17152777777777778 0.38919753086419745 0.17152777777777778 0.38919753086419745 0.20833333333333334 0.31203703703703706 0.20833333333333334
0 0.6929012345679012 0.08194444444444444 0.7496913580246913 0.08194444444444444 0.7496913580246913 0.10694444444444445 0.6929012345679012 0.10694444444444445
0 0.6515432098765431 0.3885416666666667 0.7490740740740741 0.3885416666666667 0.7490740740740741 0.428125 0.6515432098765431 0.428125
0 0.8385802469135802 0.5045138888888888 0.8891975308641976 0.5045138888888888 0.8891975308641976 0.5291666666666667 0.8385802469135802 0.5291666666666667
0 0.879320987654321 0.5041666666666667 0.9268518518518517 0.5041666666666667 0.9268518518518517 0.5204861111111111 0.879320987654321 0.5204861111111111
0 0.5342592592592592 0.5253472222222222 0.594753086419753 0.5253472222222222 0.594753086419753 0.5673611111111111 0.5342592592592592 0.5673611111111111
0 0.5638888888888889 0.3868055555555555 0.6256172839506172 0.3868055555555555 0.6256172839506172 0.4378472222222222 0.5638888888888889 0.4378472222222222
0 0.5756172839506173 0.34375 0.6422839506172839 0.34375 0.6422839506172839 0.3819444444444445 0.5756172839506173 0.3819444444444445
0 0.0917508417508418 0.24116161616161616 0.13552188552188557 0.24116161616161616 0.13552188552188557 0.264520202020202 0.0917508417508418 0.264520202020202
0 0.197250280583614 0.827020202020202 0.2690796857463525 0.827020202020202 0.2690796857463525 0.8765782828282828 0.197250280583614 0.8765782828282828
0 0.07323232323232329 0.6398358585858586 0.15909090909090914 0.6398358585858586 0.15909090909090914 0.6777146464646464 0.07323232323232329 0.6777146464646464
0 0.9592013888888888 0.3854166666666667 0.9898726851851852 0.3854166666666667 0.9898726851851852 0.40234375 0.9592013888888888 0.40234375
