0 0.4107142857142857 0.11074862637362637 0.5017806267806267 0.11074862637362637 0.5017806267806267 0.15625 0.4107142857142857 0.15625
0 0.5562169312169312 0.00028617216117216113 0.6371082621082621 0.00028617216117216113 0.6371082621082621 0.02203525641025641 0.5562169312169312 0.02203525641025641
0 0.9260785510785512 0.008585164835164834 0.9927248677248677 0.008585164835164834 0.9927248677248677 0.03891941391941392 0.9260785510785512 0.03891941391941392
0 0.8675722425722425 0.3122138278388278 0.9576210826210827 0.3122138278388278 0.9576210826210827 0.36172161172161166 0.8675722425722425 0.36172161172161166
0 0.8518009768009768 0.364010989010989 0.9454110704110704 0.364010989010989 0.9454110704110704 0.4392742673992674 0.8518009768009768 0.4392742673992674
0 0.7932946682946683 0.5517399267399268 0.8843610093610094 0.5517399267399268 0.8843610093610094 0.5986721611721612 0.7932946682946683 0.5986721611721612
0 1.3158198810372226e-17 0.7211538461538461 0.06985144485144489 0.7211538461538461 0.06985144485144489 0.7601724266763329 1.3158198810372226e-17 0.7601724266763329
0 0.24180911680911685 0.8616643772893773 0.3115079365079365 0.8616643772893773 0.3115079365079365 0.9146062271062271 0.24180911680911685 0.9146062271062271
0 0.37713675213675213 0.9672619047619048 0.46667684167684165 0.9672619047619048 0.46667684167684165 0.9990270146520146 0.37713675213675213 0.9990270146520146
0 0.03474765974765979 0.20833333333333334 0.06832519332519336 0.20833333333333334 0.06832519332519336 0.23294413919413917 0.03474765974765979 0.23294413919413917
0 0.019993894993895023 0.16054258241758243 0.06578144078144081 0.16054258241758243 0.06578144078144081 0.18315018315018314 0.019993894993895023 0.18315018315018314
0 0.1115689865689866 0.34369276556776557 0.16091778591778594 0.34369276556776557 0.16091778591778594 0.36572802197802196 0.1115689865689866 0.36572802197802196
0 0.9423585673585674 0.8808379120879121 0.9942511192511193 0.8808379120879121 0.9942511192511193 0.9163232600732601 0.9423585673585674 0.9163232600732601
