0 0.27974186307519644 0.028724747474747472 0.33024691358024694 0.028724747474747472 0.33024691358024694 0.05618686868686869 0.27974186307519644 0.05618686868686869
0 0.2915263748597082 0.0015782828282828283 0.33866442199775537 0.0015782828282828283 0.33866442199775537 0.03156565656565656 0.2915263748597082 0.03156565656565656
0 0.3263187429854097 0.03882575757575757 0.3712121212121212 0.03882575757575757 0.3712121212121212 0.06628787878787878 0.3263187429854097 0.06628787878787878
0 0.6069023569023569 0.15530303030303028 0.6776094276094276 0.15530303030303028 0.6776094276094276 0.1928661616161616 0.6069023569023569 0.1928661616161616
0 0.808361391694725 0.2736742424242424 0.9144219977553311 0.2736742424242424 0.9144219977553311 0.3472222222222222 0.808361391694725 0.3472222222222222
0 0.7724466891133558 0.4397095959595959 0.8352974186307519 0.4397095959595959 0.8352974186307519 0.481060606060606 0.7724466891133558 0.481060606060606
0 0.18041526374859715 0.5656565656565656 0.266273849607183 0.5656565656565656 0.266273849607183 0.6063762626262627 0.18041526374859715 0.6063762626262627
0 0.13215488215488222 0.4747474747474747 0.19163860830527504 0.4747474747474747 0.19163860830527504 0.514520202020202 0.13215488215488222 0.514520202020202
0 0.04797979797979805 0.3462752525252525 0.09062850729517401 0.3462752525252525 0.09062850729517401 0.37594696969696967 0.04797979797979805 0.37594696969696967
0 0.35213243546576883 0.2212752525252525 0.40151515151515155 0.2212752525252525 0.40151515151515155 0.24842171717171715 0.35213243546576883 0.24842171717171715
0 0.6063411896745229 0.755050505050505 0.6978114478114479 0.755050505050505 0.6978114478114479 0.7866161616161615 0.6063411896745229 0.7866161616161615
0 0.5092592592592593 0.690340909090909 0.5631313131313131 0.690340909090909 0.5631313131313131 0.7228535353535352 0.5092592592592593 0.7228535353535352
0 0.2034231200897868 0.41666666666666663 0.24887766554433227 0.41666666666666663 0.24887766554433227 0.4371843434343434 0.2034231200897868 0.4371843434343434
