0 0.112037037037037 0.09201388888888888 0.18117283950617283 0.09201388888888888 0.18117283950617283 0.13194444444444445 0.112037037037037 0.13194444444444445
0 0.013271604938271588 0.15694444444444444 0.10709876543209876 0.15694444444444444 0.10709876543209876 0.20243055555555556 0.013271604938271588 0.20243055555555556
0 0.112037037037037 0.2138888888888889 0.2052469135802469 0.2138888888888889 0.2052469135802469 0.2545138888888889 0.112037037037037 0.2545138888888889
0 0.2157407407407407 0.29756944444444444 0.2996913580246913 0.29756944444444444 0.2996913580246913 0.3475694444444445 0.2157407407407407 0.3475694444444445
0 0.47191358024691354 0.7284722222222223 0.5509259259259259 0.7284722222222223 0.5509259259259259 0.7680555555555556 0.47191358024691354 0.7680555555555556
0 0.35956790123456783 0.6378472222222222 0.44783950617283946 0.6378472222222222 0.44783950617283946 0.7020833333333333 0.35956790123456783 0.7020833333333333
0 0.7126543209876542 0.37083333333333335 0.803395061728395 0.37083333333333335 0.803395061728395 0.41701388888888885 0.7126543209876542 0.41701388888888885
0 0.6762345679012345 0.20243055555555556 0.7398148148148148 0.20243055555555556 0.7398148148148148 0.23402777777777778 0.6762345679012345 0.23402777777777778
0 0.8632716049382716 0.06111111111111111 0.9268518518518517 0.06111111111111111 0.9268518518518517 0.08715277777777779 0.8632716049382716 0.08715277777777779
0 0.4898148148148148 0.2840277777777778 0.5361111111111111 0.2840277777777778 0.5361111111111111 0.3097222222222222 0.4898148148148148 0.3097222222222222
