0 0.3049943883277217 0.029356060606060604 0.35157126823793494 0.029356060606060604 0.35157126823793494 0.05555555555555555 0.3049943883277217 0.05555555555555555
0 0.3465207631874299 0.03977272727272727 0.3908529741863076 0.03977272727272727 0.3908529741863076 0.07228535353535354 0.3465207631874299 0.07228535353535354
0 0.31790123456790126 0.0015782828282828283 0.3695286195286196 0.0015782828282828283 0.3695286195286196 0.03472222222222222 0.31790123456790126 0.03472222222222222
0 0.6360830527497194 0.1616161616161616 0.7073512906846241 0.1616161616161616 0.7073512906846241 0.1972853535353535 0.6360830527497194 0.1972853535353535
0 0.3695286195286196 0.22916666666666663 0.42564534231200896 0.22916666666666663 0.42564534231200896 0.25662878787878785 0.3695286195286196 0.25662878787878785
0 0.05471380471380477 0.351010101010101 0.10578002244668917 0.351010101010101 0.10578002244668917 0.3806818181818182 0.05471380471380477 0.3806818181818182
0 0.13496071829405168 0.4864267676767676 0.21296296296296302 0.4864267676767676 0.21296296296296302 0.5299873737373737 0.13496071829405168 0.5299873737373737
0 0.20005611672278345 0.5836489898989898 0.28198653198653206 0.5836489898989898 0.28198653198653206 0.627840909090909 0.20005611672278345 0.627840909090909
0 0.09567901234567908 0.726641414141414 0.1523569023569024 0.726641414141414 0.1523569023569024 0.7632575757575757 0.09567901234567908 0.7632575757575757
0 0.6658249158249158 0.7812499999999999 0.7657126823793491 0.7812499999999999 0.7657126823793491 0.815340909090909 0.6658249158249158 0.815340909090909
0 0.5586419753086419 0.7118055555555555 0.6046576879910213 0.7118055555555555 0.6046576879910213 0.7446338383838383 0.5586419753086419 0.7446338383838383
0 0.7887205387205387 0.4539141414141414 0.8583052749719416 0.4539141414141414 0.8583052749719416 0.4930555555555555 0.7887205387205387 0.4930555555555555
0 0.8964646464646463 0.2866161616161616 0.9985970819304153 0.2866161616161616 0.9985970819304153 0.3607954545454545 0.8964646464646463 0.3607954545454545
0 0.19678011344678017 0.4251126126126126 0.2464130797464131 0.4251126126126126 0.2464130797464131 0.44599286786786785 0.19678011344678017 0.44599286786786785
0 0.0031039562289562088 0.20182291666666666 0.03256523569023568 0.20182291666666666 0.03256523569023568 0.22904829545454544 0.0031039562289562088 0.22904829545454544
