0 0.3405067155067155 0.030906593406593404 0.39494301994301995 0.030906593406593404 0.39494301994301995 0.06152701465201465 0.3405067155067155 0.06152701465201465
0 0.35119047619047616 0.004578754578754578 0.40562678062678065 0.004578754578754578 0.40562678062678065 0.036057692307692304 0.35119047619047616 0.036057692307692304
0 0.39239926739926745 0.043498168498168496 0.4392043142043143 0.043498168498168496 0.4392043142043143 0.07383241758241758 0.39239926739926745 0.07383241758241758
0 0.310999185999186 0.16540750915750915 0.35424297924297926 0.16540750915750915 0.35424297924297926 0.19545558608058608 0.310999185999186 0.19545558608058608
0 0.4035917785917786 0.23179945054945056 0.457010582010582 0.23179945054945056 0.457010582010582 0.25812728937728935 0.4035917785917786 0.25812728937728935
0 0.09071021571021574 0.35084706959706957 0.13242775742775745 0.35084706959706957 0.13242775742775745 0.3788919413919414 0.09071021571021574 0.3788919413919414
0 0.00371387871387875 0.20203754578754576 0.05051892551892555 0.20203754578754576 0.05051892551892555 0.2292239010989011 0.00371387871387875 0.2292239010989011
0 0.17516280016280023 0.49336080586080583 0.24842287342287342 0.49336080586080583 0.24842287342287342 0.5328525641025641 0.17516280016280023 0.5328525641025641
0 0.22044159544159544 0.42839972527472525 0.26673789173789175 0.42839972527472525 0.26673789173789175 0.4455700549450549 0.22044159544159544 0.4455700549450549
0 0.23163410663410663 0.5829326923076923 0.309981684981685 0.5829326923076923 0.309981684981685 0.6272893772893773 0.23163410663410663 0.6272893772893773
0 0.7154558404558405 0.7763850732600732 0.8197496947496947 0.7763850732600732 0.8197496947496947 0.8158768315018315 0.7154558404558405 0.8158768315018315
0 0.8212759462759462 0.4538690476190476 0.8818172568172568 0.4538690476190476 0.8818172568172568 0.4976533882783883 0.8212759462759462 0.4976533882783883
0 0.83501221001221 0.24353250915750915 0.9123422873422873 0.24353250915750915 0.9123422873422873 0.3050595238095238 0.83501221001221 0.3050595238095238
0 0.6701770451770451 0.1671245421245421 0.748015873015873 0.1671245421245421 0.748015873015873 0.20375457875457875 0.6701770451770451 0.20375457875457875
