0 0.40824915824915825 0.0404040404040404 0.45426487093153767 0.0404040404040404 0.45426487093153767 0.06849747474747474 0.40824915824915825 0.06849747474747474
0 0.4177890011223345 0.011363636363636362 0.45931537598204264 0.011363636363636362 0.45931537598204264 0.04324494949494949 0.4177890011223345 0.04324494949494949
0 0.44584736251402923 0.053030303030303025 0.49747474747474746 0.053030303030303025 0.49747474747474746 0.07922979797979797 0.44584736251402923 0.07922979797979797
0 0.7275533108866442 0.1773989898989899 0.803872053872054 0.1773989898989899 0.803872053872054 0.2121212121212121 0.7275533108866442 0.2121212121212121
0 0.35830527497194165 0.17203282828282826 0.3987093153759821 0.17203282828282826 0.3987093153759821 0.20643939393939392 0.35830527497194165 0.20643939393939392
0 0.14337822671156011 0.3589015151515151 0.1860269360269361 0.3589015151515151 0.1860269360269361 0.3873106060606061 0.14337822671156011 0.3873106060606061
0 0.2415824915824916 0.49116161616161613 0.30162738496071834 0.49116161616161613 0.30162738496071834 0.5369318181818181 0.2415824915824916 0.5369318181818181
0 0.2960157126823794 0.5899621212121212 0.3740179573512907 0.5899621212121212 0.3740179573512907 0.6335227272727272 0.2960157126823794 0.6335227272727272
0 0.8027497194163861 0.7847222222222221 0.9076879910213244 0.7847222222222221 0.9076879910213244 0.8207070707070706 0.8027497194163861 0.8207070707070706
0 0.8605499438832771 0.4624368686868686 0.9222783389450055 0.4624368686868686 0.9222783389450055 0.5031565656565656 0.8605499438832771 0.5031565656565656
0 0.9284511784511784 0.25820707070707066 0.9969135802469135 0.25820707070707066 0.9969135802469135 0.31723484848484845 0.9284511784511784 0.31723484848484845
0 0.46099887766554437 0.2370580808080808 0.5176767676767676 0.2370580808080808 0.5176767676767676 0.2676767676767676 0.46099887766554437 0.2676767676767676
0 0.24361228316924524 0.4307753164556962 0.29987107360525084 0.4307753164556962 0.29987107360525084 0.45714662447257387 0.24361228316924524 0.45714662447257387
