0 0.42992992992992995 0.044106606606606605 0.48289956623289954 0.044106606606606605 0.48289956623289954 0.07272897897897897 0.42992992992992995 0.07272897897897897
0 0.44452786119452786 0.01853415915915916 0.5008341675008341 0.01853415915915916 0.5008341675008341 0.04762575075075074 0.44452786119452786 0.04762575075075074
0 0.48039706373039703 0.056775525525525526 0.5250250250250251 0.056775525525525526 0.5250250250250251 0.08492867867867868 0.48039706373039703 0.08492867867867868
0 0.3823823823823824 0.17220345345345345 0.4236736736736737 0.17220345345345345 0.4236736736736737 0.20152965465465464 0.3823823823823824 0.20152965465465464
0 0.13588588588588596 0.3376032282282282 0.19260927594260935 0.3376032282282282 0.19260927594260935 0.3664602102102102 0.13588588588588596 0.3664602102102102
0 0.1654988321654989 0.35801426426426425 0.20970970970970979 0.35801426426426425 0.20970970970970979 0.3899211711711711 0.1654988321654989 0.3899211711711711
0 0.2580914247580915 0.43426238738738737 0.3123123123123124 0.43426238738738737 0.3123123123123124 0.4546734234234234 0.2580914247580915 0.4546734234234234
0 0.26351351351351354 0.4966685435435435 0.32232232232232233 0.4966685435435435 0.32232232232232233 0.5379598348348348 0.26351351351351354 0.5379598348348348
0 0.32023690357023693 0.5945007507507507 0.3911411411411412 0.5945007507507507 0.3911411411411412 0.6329767267267267 0.32023690357023693 0.6329767267267267
0 0.8412897822445561 0.7916928391959799 0.9282989019169924 0.7916928391959799 0.9282989019169924 0.8251936767169179 0.8412897822445561 0.8251936767169179
0 0.7550860719874806 0.18309859154929578 0.8276821422361329 0.18309859154929578 0.8276821422361329 0.21635367762128327 0.7550860719874806 0.21635367762128327
0 0.882020518170753 0.4691901408450704 0.9346200660754652 0.4691901408450704 0.9346200660754652 0.5080692488262911 0.882020518170753 0.5080692488262911
