0 0.5205761316872427 0.06076388888888888 0.5668724279835391 0.06076388888888888 0.5668724279835391 0.08680555555555555 0.5205761316872427 0.08680555555555555
0 0.5301783264746228 0.033179012345679014 0.5761316872427983 0.033179012345679014 0.5761316872427983 0.06481481481481481 0.5301783264746228 0.06481481481481481
0 0.5627572016460904 0.07253086419753085 0.6035665294924554 0.07253086419753085 0.6035665294924554 0.10127314814814814 0.5627572016460904 0.10127314814814814
0 0.8199588477366255 0.19444444444444445 0.8888888888888887 0.19444444444444445 0.8888888888888887 0.22665895061728394 0.8199588477366255 0.22665895061728394
0 0.21576622494053685 0.3282205657492355 0.27183146449201495 0.3282205657492355 0.27183146449201495 0.365730122324159 0.21576622494053685 0.365730122324159
0 0.2471967380224261 0.3635798929663609 0.2875467210329596 0.3635798929663609 0.2875467210329596 0.38699350152905204 0.2471967380224261 0.38699350152905204
0 0.34318722392116885 0.49737194189602446 0.41156982670744136 0.49737194189602446 0.41156982670744136 0.5370317278287461 0.34318722392116885 0.5370317278287461
0 0.4068977234114849 0.5855313455657493 0.4748555895344886 0.5855313455657493 0.4748555895344886 0.6328363914373087 0.4068977234114849 0.6328363914373087
0 1.3158198810372226e-17 0.7108191287878788 0.09517045454545453 0.7108191287878788 0.09517045454545453 0.7905496957607994 1.3158198810372226e-17 0.7905496957607994
0 0.9211560044893378 0.4709595959595959 0.97334455667789 0.4709595959595959 0.97334455667789 0.5094696969696969 0.9211560044893378 0.5094696969696969
0 0.869661753590325 0.12223639455782313 0.9121787603930461 0.12223639455782313 0.9121787603930461 0.13924319727891155 0.869661753590325 0.13924319727891155
0 0.9591537740271919 0.7693169831223627 0.9990740740740741 0.7693169831223627 0.9990740740740741 0.8113110649898626 0.9591537740271919 0.8113110649898626
