0 0.6284595034595034 0.05752060439560439 0.6717032967032966 0.05752060439560439 0.6717032967032966 0.0818452380952381 0.6284595034595034 0.0818452380952381
0 0.6320207570207571 0.028903388278388276 0.6793345543345544 0.028903388278388276 0.6793345543345544 0.05809294871794871 0.6320207570207571 0.05809294871794871
0 0.9270960520960522 0.1928800366300366 0.9947598697598699 0.1928800366300366 0.9947598697598699 0.22807921245421245 0.9270960520960522 0.22807921245421245
0 0.6498270248270248 0.250400641025641 0.690018315018315 0.250400641025641 0.690018315018315 0.27701465201465203 0.6498270248270248 0.27701465201465203
0 0.3003154253154253 0.34827152014652013 0.32727920227920226 0.34827152014652013 0.32727920227920226 0.37488553113553114 0.3003154253154253 0.37488553113553114
0 0.28301790801790805 0.3688759157509158 0.3242266992266992 0.3688759157509158 0.3242266992266992 0.3914835164835165 0.28301790801790805 0.3914835164835165
0 0.17974155474155473 0.3714514652014652 0.22502035002035004 0.3714514652014652 0.22502035002035004 0.3954899267399267 0.17974155474155473 0.3954899267399267
0 0.44785307285307285 0.5013736263736264 0.5053418803418804 0.5013736263736264 0.5053418803418804 0.5460164835164835 0.44785307285307285 0.5460164835164835
0 0.5114468864468864 0.5909455128205128 0.5796194546194546 0.5909455128205128 0.5796194546194546 0.6312957875457875 0.5114468864468864 0.6312957875457875
0 0.19093406593406595 0.7214400183150182 0.3165954415954416 0.7214400183150182 0.3165954415954416 0.8009958791208791 0.19093406593406595 0.8009958791208791
0 0.8721509971509971 0.2999084249084249 0.9087810337810338 0.2999084249084249 0.9087810337810338 0.3187957875457875 0.8721509971509971 0.3187957875457875
0 0.47481684981684985 0.1857257326007326 0.5124643874643875 0.1857257326007326 0.5124643874643875 0.21691849816849818 0.47481684981684985 0.21691849816849818
0 0.6686507936507936 0.06610576923076923 0.7113858363858364 0.06610576923076923 0.7113858363858364 0.09672619047619047 0.6686507936507936 0.09672619047619047
