0 0.5785424728210797 0.003368573797678275 0.6278330569375344 0.003368573797678275 0.6278330569375344 0.030317164179104475 0.5785424728210797 0.030317164179104475
0 0.7213469688594065 0.01813847429519071 0.7803114059332964 0.01813847429519071 0.7803114059332964 0.052860696517412924 0.7213469688594065 0.052860696517412924
0 0.743919292426755 0.06011608623548922 0.8047263681592038 0.06011608623548922 0.8047263681592038 0.09224709784411277 0.743919292426755 0.09224709784411277
0 0.736088078127879 0.2505700663349917 0.784918002579694 0.2505700663349917 0.784918002579694 0.27570480928689883 0.736088078127879 0.27570480928689883
0 0.4085590565690068 0.3757255389718076 0.45047908605122533 0.3757255389718076 0.45047908605122533 0.39671434494195684 0.4085590565690068 0.39671434494195684
0 0.3915146489773355 0.32752902155887226 0.43665929611203247 0.32752902155887226 0.43665929611203247 0.3708022388059701 0.3915146489773355 0.3708022388059701
0 0.4242214851667588 0.34748134328358204 0.4601529390086604 0.34748134328358204 0.4601529390086604 0.37624378109452733 0.4242214851667588 0.37624378109452733
0 0.5416896996498985 0.5052860696517413 0.6089460106873041 0.5052860696517413 0.6089460106873041 0.552705223880597 0.5416896996498985 0.552705223880597
0 0.613091947669062 0.6016791044776119 0.6849548553528653 0.6016791044776119 0.6849548553528653 0.6436567164179103 0.613091947669062 0.6436567164179103
0 0.38368343467845956 0.7501554726368158 0.5163534180947116 0.7501554726368158 0.5163534180947116 0.8460302653399668 0.38368343467845956 0.8460302653399668
0 0.5631091617933723 0.17242324561403508 0.6001461988304093 0.17242324561403508 0.6001461988304093 0.19216008771929824 0.5631091617933723 0.19216008771929824
