0 0.6272105438772105 0.0065690690690690685 0.6701701701701701 0.0065690690690690685 0.6701701701701701 0.03214151651651651 0.6272105438772105 0.03214151651651651
0 0.7681848515181848 0.01689189189189189 0.8199032365699032 0.01689189189189189 0.8199032365699032 0.05161411411411411 0.7681848515181848 0.05161411411411411
0 0.7673506840173506 0.05020645645645645 0.8174007340674007 0.05020645645645645 0.8174007340674007 0.07460585585585584 0.7673506840173506 0.07460585585585584
0 0.8023857190523858 0.06334459459459459 0.8511845178511845 0.06334459459459459 0.8511845178511845 0.09032469969969968 0.8023857190523858 0.09032469969969968
0 0.5829996663329997 0.17666103603603603 0.6234567901234568 0.17666103603603603 0.6234567901234568 0.20927177177177175 0.5829996663329997 0.20927177177177175
0 0.774024024024024 0.2522053303303303 0.8224057390724057 0.2522053303303303 0.8224057390724057 0.2749624624624624 0.774024024024024 0.2749624624624624
0 0.42951284617951285 0.3277496246246246 0.48957290623957295 0.3277496246246246 0.48957290623957295 0.37302927927927926 0.42951284617951285 0.37302927927927926
0 0.4837337337337337 0.35121058558558554 0.5171004337671005 0.35121058558558554 0.5171004337671005 0.3732638888888889 0.4837337337337337 0.3732638888888889
0 0.46663329996663333 0.3727946696696696 0.5054220887554222 0.3727946696696696 0.5054220887554222 0.3953171921921922 0.46663329996663333 0.3953171921921922
0 0.5804971638304972 0.5079298048048048 0.6505672339005671 0.5079298048048048 0.6505672339005671 0.5529748498498498 0.5804971638304972 0.5529748498498498
0 0.6526526526526527 0.6059966216216215 0.7302302302302303 0.6059966216216215 0.7302302302302303 0.6456456456456455 0.6526526526526527 0.6456456456456455
0 0.5020854187520853 0.7465277777777778 0.6259592926259593 0.7465277777777778 0.6259592926259593 0.837087087087087 0.5020854187520853 0.837087087087087
0 0.0 0.3360705596107056 0.052919708029197106 0.3360705596107056 0.052919708029197106 0.37263261332381253 0.0 0.37263261332381253
