0 0.38549382716049374 0.05381944444444444 0.4373456790123456 0.05381944444444444 0.4373456790123456 0.09201388888888888 0.38549382716049374 0.09201388888888888
0 0.429320987654321 0.04097222222222222 0.4854938271604938 0.04097222222222222 0.4854938271604938 0.07534722222222222 0.429320987654321 0.07534722222222222
0 0.35833333333333334 0.071875 0.4003086419753086 0.071875 0.4003086419753086 0.10798611111111112 0.35833333333333334 0.10798611111111112
0 0.733641975308642 0.2263888888888889 0.775 0.2263888888888889 0.775 0.253125 0.733641975308642 0.253125
0 0.9404320987654321 0.296875 0.9910493827160495 0.296875 0.9910493827160495 0.3243055555555555 0.9404320987654321 0.3243055555555555
0 0.6206790123456789 0.38125 0.68179012345679 0.38125 0.68179012345679 0.4152777777777778 0.6206790123456789 0.4152777777777778
0 0.6509259259259259 0.41180555555555554 0.6929012345679012 0.41180555555555554 0.6929012345679012 0.4388888888888889 0.6509259259259259 0.4388888888888889
0 0.3299382716049382 0.39791666666666664 0.3873456790123456 0.39791666666666664 0.3873456790123456 0.4340277777777778 0.3299382716049382 0.4340277777777778
0 0.19969135802469135 0.5527777777777777 0.30154320987654315 0.5527777777777777 0.30154320987654315 0.621875 0.19969135802469135 0.621875
0 0.01080246913580246 0.7836805555555556 0.06759259259259259 0.7836805555555556 0.06759259259259259 0.8211805555555556 0.01080246913580246 0.8211805555555556
0 0.8694444444444444 0.6465277777777777 0.9391975308641975 0.6465277777777777 0.9391975308641975 0.6829861111111111 0.8694444444444444 0.6829861111111111
0 0.7774691358024691 0.5475694444444444 0.8478395061728394 0.5475694444444444 0.8478395061728394 0.5878472222222223 0.7774691358024691 0.5878472222222223
0 0.7188271604938271 0.42291666666666666 0.7626543209876543 0.42291666666666666 0.7626543209876543 0.4479166666666667 0.7188271604938271 0.4479166666666667
0 0.729320987654321 0.40208333333333335 0.7700617283950617 0.40208333333333335 0.7700617283950617 0.425 0.729320987654321 0.425
0 0.9379629629629629 0.08402777777777778 0.9935185185185185 0.08402777777777778 0.9935185185185185 0.115625 0.9379629629629629 0.115625
0 0.948456790123457 0.11215277777777778 0.9916666666666667 0.11215277777777778 0.9916666666666667 0.13506944444444444 0.948456790123457 0.13506944444444444
