0 0.49166666666666664 0.06284722222222222 0.5361111111111111 0.06284722222222222 0.5361111111111111 0.11284722222222222 0.49166666666666664 0.11284722222222222
0 0.44660493827160486 0.08715277777777779 0.49660493827160485 0.08715277777777779 0.49660493827160485 0.13090277777777778 0.44660493827160486 0.13090277777777778
0 0.5262345679012345 0.0625 0.5762345679012345 0.0625 0.5762345679012345 0.09583333333333334 0.5262345679012345 0.09583333333333334
0 0.35956790123456783 0.5586805555555556 0.44845679012345674 0.5586805555555556 0.44845679012345674 0.623263888888889 0.35956790123456783 0.623263888888889
0 0.8657407407407406 0.5541666666666667 0.9472222222222221 0.5541666666666667 0.9472222222222221 0.5993055555555556 0.8657407407407406 0.5993055555555556
0 0.7126543209876542 0.39305555555555555 0.7645061728395062 0.39305555555555555 0.7645061728395062 0.43020833333333336 0.7126543209876542 0.43020833333333336
0 0.4608024691358024 0.4114583333333333 0.5305555555555556 0.4114583333333333 0.5305555555555556 0.4486111111111111 0.4608024691358024 0.4486111111111111
0 0.7330246913580246 0.4246527777777778 0.7848765432098765 0.4246527777777778 0.7848765432098765 0.4465277777777778 0.7330246913580246 0.4465277777777778
0 0.8435185185185184 0.41423611111111114 0.8756172839506172 0.41423611111111114 0.8756172839506172 0.4361111111111111 0.8435185185185184 0.4361111111111111
0 0.11388888888888886 0.7819444444444444 0.17685185185185182 0.7819444444444444 0.17685185185185182 0.825 0.11388888888888886 0.825
0 0.22191358024691357 0.7777777777777778 0.283641975308642 0.7777777777777778 0.283641975308642 0.8118055555555556 0.22191358024691357 0.8118055555555556
0 0.5959876543209877 0.15729166666666666 0.6564814814814814 0.15729166666666666 0.6564814814814814 0.18784722222222222 0.5959876543209877 0.18784722222222222
