0 0.553591470258137 0.09248737373737373 0.6052188552188553 0.09248737373737373 0.6052188552188553 0.12531565656565655 0.553591470258137 0.12531565656565655
0 0.5917508417508417 0.07891414141414141 0.6388888888888888 0.07891414141414141 0.6388888888888888 0.11521464646464645 0.5917508417508417 0.11521464646464645
0 0.5182379349046016 0.10795454545454544 0.5715488215488216 0.10795454545454544 0.5715488215488216 0.1404671717171717 0.5182379349046016 0.1404671717171717
0 0.670314253647587 0.17013888888888887 0.7230639730639732 0.17013888888888887 0.7230639730639732 0.1982323232323232 0.670314253647587 0.1982323232323232
0 0.7814253647586982 0.3993055555555555 0.8381032547699215 0.3993055555555555 0.8381032547699215 0.4311868686868686 0.7814253647586982 0.4311868686868686
0 0.8055555555555556 0.4296085858585858 0.8498877665544331 0.4296085858585858 0.8498877665544331 0.4551767676767676 0.8055555555555556 0.4551767676767676
0 0.5715488215488216 0.4185606060606061 0.6254208754208754 0.4185606060606061 0.6254208754208754 0.44886363636363635 0.5715488215488216 0.44886363636363635
0 0.4694163860830528 0.5577651515151515 0.5558361391694725 0.5577651515151515 0.5558361391694725 0.6253156565656565 0.4694163860830528 0.6253156565656565
0 0.027216610549943947 0.51010101010101 0.11924803591470264 0.51010101010101 0.11924803591470264 0.5593434343434343 0.027216610549943947 0.5593434343434343
0 0.08164983164983171 0.4535984848484848 0.12822671156004495 0.4535984848484848 0.12822671156004495 0.4886363636363636 0.08164983164983171 0.4886363636363636
0 0.003086419753086494 0.8055555555555555 0.053591470258137 0.8055555555555555 0.053591470258137 0.8579545454545454 0.003086419753086494 0.8579545454545454
0 0.32182940516273856 0.7869318181818181 0.3661616161616162 0.7869318181818181 0.3661616161616162 0.8178661616161615 0.32182940516273856 0.8178661616161615
0 0.28872053872053877 0.7787247474747474 0.3324915824915825 0.7787247474747474 0.3324915824915825 0.8020833333333333 0.28872053872053877 0.8020833333333333
0 0.9479949874686717 0.5552161654135338 0.9990740740740741 0.5552161654135338 0.9990740740740741 0.599654970760234 0.9479949874686717 0.599654970760234
0 0.006568534346312068 0.17183048433048434 0.08412472301361186 0.17183048433048434 0.08412472301361186 0.21011396011396014 0.006568534346312068 0.21011396011396014
