0 0.03046796796796798 0.00028153153153151554 0.1430805805805806 0.00028153153153151554 0.1430805805805806 0.05201295045045043 0.03046796796796798 0.05201295045045043
0 0.09177927927927933 0.18503659909909909 0.18312062062062065 0.18503659909909909 0.18312062062062065 0.22867398648648649 0.09177927927927933 0.22867398648648649
0 0.6279404404404405 0.10515202702702701 0.6761136136136137 0.10515202702702701 0.6761136136136137 0.13963963963963963 0.6279404404404405 0.13963963963963963
0 0.5872747747747747 0.11817286036036036 0.6385760760760761 0.11817286036036036 0.6385760760760761 0.15477195945945946 0.5872747747747747 0.15477195945945946
0 0.74242992992993 0.17764639639639637 0.7937312312312312 0.17764639639639637 0.7937312312312312 0.20861486486486486 0.74242992992993 0.20861486486486486
0 0.8337712712712714 0.40850225225225223 0.9069694694694694 0.40850225225225223 0.9069694694694694 0.4327843468468468 0.8337712712712714 0.4327843468468468
0 0.6492117117117117 0.42433840090090086 0.7136511511511512 0.42433840090090086 0.7136511511511512 0.4546030405405405 0.6492117117117117 0.4546030405405405
0 0.5584959959959961 0.5622888513513513 0.6523398398398399 0.5622888513513513 0.6523398398398399 0.6238738738738738 0.5584959959959961 0.6238738738738738
0 0.12931681681681684 0.5168918918918919 0.21690440440440442 0.5168918918918919 0.21690440440440442 0.5608811936936937 0.12931681681681684 0.5608811936936937
0 0.15434184184184188 0.4623451576576576 0.21315065065065067 0.4623451576576576 0.21315065065065067 0.4936655405405405 0.15434184184184188 0.4936655405405405
0 0.08364614614614617 0.7991272522522521 0.15934684684684688 0.7991272522522521 0.15934684684684688 0.8480433558558558 0.08364614614614617 0.8480433558558558
0 0.40021271271271275 0.7871621621621621 0.44776026026026033 0.7871621621621621 0.44776026026026033 0.8258727477477478 0.40021271271271275 0.8258727477477478
0 0.3639264264264264 0.7808277027027027 0.41898148148148145 0.7808277027027027 0.41898148148148145 0.8022944819819819 0.3639264264264264 0.8022944819819819
0 0.2669544544544545 0.7889217342342342 0.3170045045045045 0.7889217342342342 0.3170045045045045 0.8205940315315314 0.2669544544544545 0.8205940315315314
0 0.869431931931932 0.43384009009009006 0.9163538538538539 0.43384009009009006 0.9163538538538539 0.45777027027027023 0.869431931931932 0.45777027027027023
0 0.1480855855855856 0.2533079954954955 0.22754004004004008 0.2533079954954955 0.22754004004004008 0.28709177927927926 0.1480855855855856 0.28709177927927926
