0 0.1484567901234568 0.007291666666666667 0.26080246913580246 0.007291666666666667 0.26080246913580246 0.07951388888888888 0.1484567901234568 0.07951388888888888
0 0.6953703703703704 0.11145833333333334 0.7503086419753086 0.11145833333333334 0.7503086419753086 0.1486111111111111 0.6953703703703704 0.1486111111111111
0 0.7990740740740739 0.18472222222222223 0.8725308641975309 0.18472222222222223 0.8725308641975309 0.21631944444444443 0.7990740740740739 0.21631944444444443
0 0.16018518518518515 0.2045138888888889 0.262037037037037 0.2045138888888889 0.262037037037037 0.24444444444444444 0.16018518518518515 0.24444444444444444
0 0.2373456790123457 0.27048611111111115 0.30216049382716054 0.27048611111111115 0.30216049382716054 0.29756944444444444 0.2373456790123457 0.29756944444444444
0 0.28179012345679016 0.22222222222222224 0.3638888888888889 0.22222222222222224 0.3638888888888889 0.25625 0.28179012345679016 0.25625
0 0.22376543209876543 0.525 0.3138888888888889 0.525 0.3138888888888889 0.5722222222222223 0.22376543209876543 0.5722222222222223
0 0.23302469135802467 0.4798611111111111 0.2811728395061728 0.4798611111111111 0.2811728395061728 0.5041666666666667 0.23302469135802467 0.5041666666666667
0 0.6521604938271605 0.5680555555555556 0.7324074074074074 0.5680555555555556 0.7324074074074074 0.6364583333333333 0.6521604938271605 0.6364583333333333
0 0.733641975308642 0.4371527777777778 0.8009259259259258 0.4371527777777778 0.8009259259259258 0.4659722222222222 0.733641975308642 0.4659722222222222
0 0.916358024691358 0.4083333333333333 0.9712962962962963 0.4083333333333333 0.9712962962962963 0.44479166666666664 0.916358024691358 0.44479166666666664
0 0.9373456790123457 0.44305555555555554 0.981172839506173 0.44305555555555554 0.981172839506173 0.46875 0.9373456790123457 0.46875
0 0.03858024691358024 0.773611111111111 0.14660493827160495 0.773611111111111 0.14660493827160495 0.8440972222222223 0.03858024691358024 0.8440972222222223
0 0.16635802469135802 0.8114583333333333 0.25586419753086426 0.8114583333333333 0.25586419753086426 0.8638888888888889 0.16635802469135802 0.8638888888888889
0 0.33734567901234563 0.7972222222222223 0.4027777777777778 0.7972222222222223 0.4027777777777778 0.83125 0.33734567901234563 0.83125
0 0.462037037037037 0.8010416666666667 0.518827160493827 0.8010416666666667 0.518827160493827 0.8284722222222223 0.462037037037037 0.8284722222222223
0 0.44660493827160486 0.790625 0.4867283950617284 0.790625 0.4867283950617284 0.8159722222222222 0.44660493827160486 0.8159722222222222
