0 0.278390522875817 0.025275735294117644 0.38800381263616557 0.025275735294117644 0.38800381263616557 0.08884803921568626 0.278390522875817 0.08884803921568626
0 0.25864651416122014 0.20795036764705882 0.34511165577342057 0.20795036764705882 0.34511165577342057 0.25582107843137253 0.25864651416122014 0.25582107843137253
0 0.3192401960784314 0.5346200980392157 0.4077478213507626 0.5346200980392157 0.4077478213507626 0.5813419117647058 0.3192401960784314 0.5813419117647058
0 0.0006127450980392637 0.3887101715686274 0.07278050108932468 0.3887101715686274 0.07278050108932468 0.4227941176470588 0.0006127450980392637 0.4227941176470588
0 0.3063044662309368 0.4829197303921568 0.3634940087145969 0.4829197303921568 0.3634940087145969 0.5139399509803921 0.3063044662309368 0.5139399509803921
0 0.7542892156862744 0.5890012254901961 0.8489242919389978 0.5890012254901961 0.8489242919389978 0.6429993872549019 0.7542892156862744 0.6429993872549019
0 0.14971405228758175 0.7912071078431372 0.25115740740740744 0.7912071078431372 0.25115740740740744 0.8555453431372548 0.14971405228758175 0.8555453431372548
0 0.29200708061002184 0.822610294117647 0.3600898692810458 0.822610294117647 0.3600898692810458 0.866268382352941 0.29200708061002184 0.866268382352941
0 0.5507216775599129 0.8084405637254901 0.6024645969498912 0.8084405637254901 0.6024645969498912 0.842141544117647 0.5507216775599129 0.842141544117647
0 0.5159994553376906 0.800015318627451 0.5636574074074074 0.800015318627451 0.5636574074074074 0.822610294117647 0.5159994553376906 0.822610294117647
0 0.017633442265795274 0.7915900735294117 0.08367374727668851 0.7915900735294117 0.08367374727668851 0.8291207107843136 0.017633442265795274 0.8291207107843136
0 0.8366693899782134 0.4461550245098039 0.9088371459694988 0.4461550245098039 0.9088371459694988 0.4733455882352941 0.8366693899782134 0.4733455882352941
0 0.3144744008714597 0.2807138480392156 0.3811955337690632 0.2807138480392156 0.3811955337690632 0.3067555147058823 0.3144744008714597 0.3067555147058823
0 0.7737867177522351 0.11970186781609198 0.8259365687526607 0.11970186781609198 0.8259365687526607 0.15173012452107282 0.7737867177522351 0.15173012452107282
0 0.7328118348233291 0.1352670019157088 0.7908152405278842 0.1352670019157088 0.7908152405278842 0.1705878831417625 0.7328118348233291 0.1705878831417625
0 0.3911770966368668 0.21399066091954025 0.4843018305661984 0.21399066091954025 0.4843018305661984 0.2699652777777778 0.3911770966368668 0.2699652777777778
0 0.05220306513409964 0.1511314655172414 0.0953065134099617 0.1511314655172414 0.0953065134099617 0.17986709770114945 0.05220306513409964 0.17986709770114945
0 0.11180289484887188 0.309776101532567 0.1501170710940826 0.309776101532567 0.1501170710940826 0.330429837164751 0.11180289484887188 0.330429837164751
