0 0.3995778867102397 0.013403799019607842 0.5343818082788672 0.013403799019607842 0.5343818082788672 0.08157169117647058 0.3995778867102397 0.08157169117647058
0 0.3301334422657952 0.20948223039215685 0.41659858387799564 0.20948223039215685 0.41659858387799564 0.2565870098039216 0.3301334422657952 0.2565870098039216
0 0.09252450980392163 0.39675245098039214 0.15720315904139437 0.39675245098039214 0.15720315904139437 0.4254748774509804 0.09252450980392163 0.4254748774509804
0 0.41115196078431376 0.5411305147058824 0.508510348583878 0.5411305147058824 0.508510348583878 0.588235294117647 0.41115196078431376 0.588235294117647
0 0.8693491285403049 0.5859375 0.974877450980392 0.5859375 0.974877450980392 0.6510416666666666 0.8693491285403049 0.6510416666666666
0 0.2463916122004358 0.7965686274509803 0.35328159041394336 0.7965686274509803 0.35328159041394336 0.8731617647058822 0.2463916122004358 0.8731617647058822
0 0.0 0.8884803921568627 0.061206427015250614 0.8884803921568627 0.061206427015250614 0.9498531409846547 0.0 0.9498531409846547
0 0.6215277777777778 0.8168658088235293 0.6753131808278866 0.8168658088235293 0.6753131808278866 0.8509497549019608 0.6215277777777778 0.8509497549019608
0 0.5908905228758171 0.8042279411764706 0.6378676470588236 0.8042279411764706 0.6378676470588236 0.8329503676470588 0.5908905228758171 0.8329503676470588
0 0.8462009803921567 0.12331495098039215 0.8979438997821351 0.12331495098039215 0.8979438997821351 0.16007965686274508 0.8462009803921567 0.16007965686274508
0 0.801266339869281 0.13748468137254902 0.8557325708061002 0.13748468137254902 0.8557325708061002 0.17731311274509803 0.801266339869281 0.17731311274509803
0 0.392088779956427 0.27765012254901955 0.4649373638344227 0.27765012254901955 0.4649373638344227 0.3090533088235294 0.392088779956427 0.3090533088235294
0 0.5017020697167756 0.2190563725490196 0.5854438997821351 0.2190563725490196 0.5854438997821351 0.26845894607843135 0.5017020697167756 0.26845894607843135
0 0.13677832244008717 0.410922181372549 0.20281862745098045 0.410922181372549 0.20281862745098045 0.44845281862745096 0.13677832244008717 0.44845281862745096
0 0.9476443355119826 0.44270833333333326 0.9959831154684095 0.44270833333333326 0.9959831154684095 0.4741115196078431 0.9476443355119826 0.4741115196078431
0 0.10818355119825711 0.1573988970588235 0.14426742919389984 0.1573988970588235 0.14426742919389984 0.18420649509803919 0.10818355119825711 0.18420649509803919
