0 0.5165544332211 0.0006313131313131313 0.6574074074074074 0.0006313131313131313 0.6574074074074074 0.05681818181818181 0.5165544332211 0.05681818181818181
0 0.9194725028058361 0.10890151515151514 0.9666105499438831 0.10890151515151514 0.9666105499438831 0.15025252525252522 0.9194725028058361 0.15025252525252522
0 0.5805274971941639 0.1991792929292929 0.6938832772166107 0.1991792929292929 0.6938832772166107 0.24999999999999997 0.5805274971941639 0.24999999999999997
0 0.3846801346801348 0.20517676767676765 0.4767115600448935 0.20517676767676765 0.4767115600448935 0.247790404040404 0.3846801346801348 0.247790404040404
0 0.45314253647586983 0.269570707070707 0.5199214365881032 0.269570707070707 0.5199214365881032 0.2995580808080808 0.45314253647586983 0.2995580808080808
0 6.579099405186113e-18 0.2619949494949495 0.04910213243546582 0.2619949494949495 0.04910213243546582 0.29178725456815346 6.579099405186113e-18 0.29178725456815346
0 0.13945005611672284 0.39078282828282823 0.19837261503928177 0.39078282828282823 0.19837261503928177 0.4214015151515151 0.13945005611672284 0.4214015151515151
0 0.17704826038159374 0.4081439393939394 0.2528058361391695 0.4081439393939394 0.2528058361391695 0.442550505050505 0.17704826038159374 0.442550505050505
0 0.0 0.5056818181818181 0.06200897867564539 0.5056818181818181 0.06200897867564539 0.5800720143917046 0.0 0.5800720143917046
0 0.4834455667789002 0.5337752525252525 0.5698653198653199 0.5337752525252525 0.5698653198653199 0.5789141414141414 0.4834455667789002 0.5789141414141414
0 0.33256752993595096 0.7976190476190477 0.43629908103592313 0.7976190476190477 0.43629908103592313 0.8638001253132832 0.33256752993595096 0.8638001253132832
0 0.041562238930659974 0.899827694235589 0.12580061264271789 0.899827694235589 0.12580061264271789 0.9487781954887218 0.041562238930659974 0.9487781954887218
0 0.955653021442495 0.5838032581453635 0.9990740740740741 0.5838032581453635 0.9990740740740741 0.6574408268806347 0.955653021442495 0.6574408268806347
0 0.8637566137566137 0.12562656641604017 0.9264132553606237 0.12562656641604017 0.9264132553606237 0.162045739348371 0.8637566137566137 0.162045739348371
0 0.3122297424327881 0.03833544839255499 0.35547095318668925 0.03833544839255499 0.35547095318668925 0.05737098138747885 0.3122297424327881 0.05737098138747885
0 0.29013912389546903 0.012161590524534688 0.34701071630005637 0.012161590524534688 0.34701071630005637 0.034634094754653136 0.29013912389546903 0.034634094754653136
0 0.1430250047001316 0.15466370558375636 0.18579620229366423 0.15466370558375636 0.18579620229366423 0.17872250423011846 0.1430250047001316 0.17872250423011846
0 0.15383530738860687 0.27337140439932317 0.19002632073698061 0.27337140439932317 0.19002632073698061 0.29240693739424706 0.15383530738860687 0.29240693739424706
0 0.2868490317728896 0.21362098138747887 0.3235100582816319 0.21362098138747887 0.3235100582816319 0.23767978003384096 0.2868490317728896 0.23767978003384096
0 0.20412671554803533 0.31435067681895096 0.245957886820831 0.31435067681895096 0.245957886820831 0.33100676818950936 0.20412671554803533 0.33100676818950936
0 0.6783130787037037 0.8153483072916666 0.7340133101851852 0.8153483072916666 0.7340133101851852 0.8519694010416666 0.6783130787037037 0.8519694010416666
0 0.6435908564814815 0.808837890625 0.6927806712962963 0.808837890625 0.6927806712962963 0.8299967447916666 0.6435908564814815 0.8299967447916666
