0 0.5874863834422658 0.0 0.7168436819172114 0.0 0.7168436819172114 0.0352328431372549 0.5874863834422658 0.0352328431372549
0 0.4295343137254902 0.19492953431372548 0.511233660130719 0.19492953431372548 0.511233660130719 0.24280024509803919 0.4295343137254902 0.24280024509803919
0 0.01695261437908502 0.2565870098039216 0.061206427015250614 0.2565870098039216 0.061206427015250614 0.28339460784313725 0.01695261437908502 0.28339460784313725
0 0.17694716775599137 0.38143382352941174 0.23617919389978217 0.38143382352941174 0.23617919389978217 0.4147518382352941 0.17694716775599137 0.4147518382352941
0 0.001974400871459768 0.5116421568627451 0.09592864923747284 0.5116421568627451 0.09592864923747284 0.5920649509803921 0.001974400871459768 0.5920649509803921
0 0.5432325708061002 0.5334712009803921 0.6310593681917211 0.5334712009803921 0.6310593681917211 0.5824908088235293 0.5432325708061002 0.5824908088235293
0 0.20339506172839505 0.3996527777777778 0.2861111111111111 0.3996527777777778 0.2861111111111111 0.4413194444444445 0.20339506172839505 0.4413194444444445
0 0.39537037037037037 0.8034722222222223 0.494753086419753 0.8034722222222223 0.494753086419753 0.8784722222222222 0.39537037037037037 0.8784722222222222
0 0.7268518518518519 0.8239583333333333 0.7743827160493827 0.8239583333333333 0.7743827160493827 0.8600694444444444 0.7268518518518519 0.8600694444444444
0 0.6916666666666667 0.8135416666666667 0.7453703703703703 0.8135416666666667 0.7453703703703703 0.8368055555555556 0.6916666666666667 0.8368055555555556
0 0.0984567901234568 0.9125 0.18858024691358025 0.9125 0.18858024691358025 0.9583333333333334 0.0984567901234568 0.9583333333333334
0 0.007098765432098757 0.8940972222222222 0.1046296296296296 0.8940972222222222 0.1046296296296296 0.9420138888888889 0.007098765432098757 0.9420138888888889
0 0.6200617283950617 0.18229166666666666 0.7552469135802469 0.18229166666666666 0.7552469135802469 0.24618055555555557 0.6200617283950617 0.24618055555555557
0 0.17993827160493828 0.15520833333333334 0.22067901234567902 0.15520833333333334 0.22067901234567902 0.17847222222222223 0.17993827160493828 0.17847222222222223
0 0.49166666666666664 0.26631944444444444 0.5682098765432099 0.26631944444444444 0.5682098765432099 0.2923611111111111 0.49166666666666664 0.2923611111111111
