0 0.07290394790394794 0.2355196886446886 0.21586284086284088 0.2355196886446886 0.21586284086284088 0.328525641025641 0.07290394790394794 0.328525641025641
0 0.7332621082621082 0.5039491758241758 0.8065221815221816 0.5039491758241758 0.8065221815221816 0.5494505494505494 0.7332621082621082 0.5494505494505494
0 0.7327533577533578 0.5494505494505494 0.8095746845746846 0.5494505494505494 0.8095746845746846 0.5943795787545787 0.7327533577533578 0.5943795787545787
0 0.45548433048433046 0.45072115384615385 0.5180606430606431 0.45072115384615385 0.5180606430606431 0.49336080586080583 0.45548433048433046 0.49336080586080583
0 0.7271571021571022 0.31393086080586075 0.7775234025234026 0.31393086080586075 0.7775234025234026 0.33911401098901095 0.7271571021571022 0.33911401098901095
0 0.8502747252747253 0.29160943223443225 0.890974765974766 0.29160943223443225 0.890974765974766 0.31421703296703296 0.8502747252747253 0.31421703296703296
0 0.7098595848595849 0.25440705128205127 0.7475071225071225 0.25440705128205127 0.7475071225071225 0.27129120879120877 0.7098595848595849 0.27129120879120877
0 0.6269332519332519 0.23380265567765565 0.6661070411070411 0.23380265567765565 0.6661070411070411 0.25383470695970695 0.6269332519332519 0.25383470695970695
0 0.6956145706145707 0.2878891941391941 0.7332621082621082 0.2878891941391941 0.7332621082621082 0.3050595238095238 0.6956145706145707 0.3050595238095238
0 0.009078884078884115 0.7014001623376623 0.08483645983645986 0.7014001623376623 0.08483645983645986 0.7504396645021644 0.009078884078884115 0.7504396645021644
0 0.0024651274651274788 0.7761431277056278 0.08784271284271286 0.7761431277056278 0.08784271284271286 0.8211241883116883 0.0024651274651274788 0.8211241883116883
