0 0.4868262571514604 0.16251693766937667 0.6004968383017164 0.16251693766937667 0.6004968383017164 0.2107892953929539 0.4868262571514604 0.2107892953929539
0 0.7450316169828366 0.1375338753387534 0.88354411321891 0.1375338753387534 0.88354411321891 0.20740176151761516 0.7450316169828366 0.20740176151761516
0 0.0 0.07528794037940377 0.041930141523637485 0.07528794037940377 0.041930141523637485 0.09432201778158131 0.0 0.09432201778158131
0 0.019346582354712472 0.23873644986449866 0.07956940680517917 0.23873644986449866 0.07956940680517917 0.27218834688346877 0.019346582354712472 0.27218834688346877
0 0.034402288467329144 0.5127032520325203 0.1729147847034026 0.5127032520325203 0.1729147847034026 0.6050135501355013 0.034402288467329144 0.6050135501355013
0 0.6125414031918097 0.5355691056910569 0.7382565492321589 0.5355691056910569 0.7382565492321589 0.5906165311653117 0.6125414031918097 0.5906165311653117
0 0.48833182776272205 0.8438346883468834 0.6117886178861789 0.8438346883468834 0.6117886178861789 0.9446138211382114 0.48833182776272205 0.9446138211382114
0 0.6125414031918097 0.8794037940379404 0.7088979223125565 0.8794037940379404 0.7088979223125565 0.9378387533875338 0.6125414031918097 0.9378387533875338
0 0.39122252333634444 0.8700880758807588 0.4597259861487504 0.8700880758807588 0.4597259861487504 0.9204776422764227 0.39122252333634444 0.9204776422764227
0 0.13000602228244507 0.9594342818428184 0.20980126467931348 0.9594342818428184 0.20980126467931348 0.9975440379403794 0.13000602228244507 0.9975440379403794
0 0.21732911773562183 0.3602642276422764 0.30013550135501355 0.3602642276422764 0.30013550135501355 0.3941395663956639 0.21732911773562183 0.3941395663956639
0 0.2692713038241494 0.385670731707317 0.33551641071966276 0.385670731707317 0.33551641071966276 0.4305555555555555 0.2692713038241494 0.4305555555555555
0 0.4913429689852454 0.4953421409214092 0.5478018669075579 0.4953421409214092 0.5478018669075579 0.5220189701897019 0.4913429689852454 0.5220189701897019
0 0.5312405901836796 0.47671070460704607 0.579418849744053 0.47671070460704607 0.579418849744053 0.5059281842818427 0.5312405901836796 0.5059281842818427
0 0.3751017501017501 0.006868131868131868 0.4193630443630444 0.006868131868131868 0.4193630443630444 0.030906593406593404 0.3751017501017501 0.030906593406593404
0 0.18432030932030932 0.12763278388278387 0.23977411477411478 0.12763278388278387 0.23977411477411478 0.15310210622710624 0.18432030932030932 0.15310210622710624
