0 0.4988708220415537 0.1443089430894309 0.6095302619692864 0.1443089430894309 0.6095302619692864 0.19385162601626016 0.4988708220415537 0.19385162601626016
0 0.8142878651008733 0.10365853658536582 0.96484492622704 0.10365853658536582 0.96484492622704 0.18411246612466126 0.8142878651008733 0.18411246612466126
0 0.5598464317976513 0.226880081300813 0.6403944595001506 0.226880081300813 0.6403944595001506 0.2611788617886179 0.5598464317976513 0.2611788617886179
0 0.008054802770249968 0.2306910569105691 0.05171635049683832 0.2306910569105691 0.05171635049683832 0.26541327913279134 0.008054802770249968 0.26541327913279134
0 0.18495934959349594 0.24339430894308942 0.23163203854260772 0.24339430894308942 0.23163203854260772 0.27218834688346877 0.18495934959349594 0.27218834688346877
0 0.22636254140319184 0.34374999999999994 0.3023938572719061 0.34374999999999994 0.3023938572719061 0.39075203252032514 0.22636254140319184 0.39075203252032514
0 0.03891900030111415 0.5004234417344173 0.20754290876242093 0.5004234417344173 0.20754290876242093 0.6003556910569104 0.03891900030111415 0.6003556910569104
0 0.6757753688647997 0.528370596205962 0.787940379403794 0.528370596205962 0.787940379403794 0.5914634146341463 0.6757753688647997 0.5914634146341463
0 0.5402740138512496 0.47162940379403795 0.6042607648298706 0.47162940379403795 0.6042607648298706 0.5033875338753387 0.5402740138512496 0.5033875338753387
0 0.5003763926528154 0.49026084010840104 0.5621047877145439 0.49026084010840104 0.5621047877145439 0.5232892953929539 0.5003763926528154 0.5232892953929539
0 0.5372628726287263 0.8590785907859078 0.661472448057814 0.8590785907859078 0.661472448057814 0.9492716802168021 0.5372628726287263 0.9492716802168021
0 0.652439024390244 0.8950711382113821 0.7623456790123456 0.8950711382113821 0.7623456790123456 0.9590108401084011 0.652439024390244 0.9590108401084011
0 0.4077838000602228 0.8696646341463414 0.4717705510388437 0.8696646341463414 0.4717705510388437 0.9217479674796748 0.4077838000602228 0.9217479674796748
0 0.1909816320385426 0.11593834688346881 0.23915989159891607 0.11593834688346881 0.23915989159891607 0.1404979674796748 0.1909816320385426 0.1404979674796748
