0 0.529320987654321 0.13125 0.6342592592592593 0.13125 0.6342592592592593 0.18055555555555555 0.529320987654321 0.18055555555555555
0 0.17067901234567903 0.10208333333333333 0.22376543209876543 0.10208333333333333 0.22376543209876543 0.13506944444444444 0.17067901234567903 0.13506944444444444
0 0.0 0.221875 0.04598765432098765 0.221875 0.04598765432098765 0.26101745248538016 0.0 0.26101745248538016
0 0.0021604938271604763 0.2746527777777778 0.03611111111111111 0.2746527777777778 0.03611111111111111 0.3034722222222222 0.0021604938271604763 0.3034722222222222
0 0.8626543209876543 0.07916666666666666 0.9966049382716051 0.07916666666666666 0.9966049382716051 0.16493055555555555 0.8626543209876543 0.16493055555555555
0 0.5836419753086419 0.2173611111111111 0.6620370370370371 0.2173611111111111 0.6620370370370371 0.25104166666666666 0.5836419753086419 0.25104166666666666
0 0.07499999999999997 0.4986111111111111 0.22746913580246914 0.4986111111111111 0.22746913580246914 0.6041666666666666 0.07499999999999997 0.6041666666666666
0 0.5546296296296296 0.4673611111111111 0.6151234567901234 0.4673611111111111 0.6151234567901234 0.4972222222222222 0.5546296296296296 0.4972222222222222
0 0.5169753086419753 0.48680555555555555 0.5725308641975307 0.48680555555555555 0.5725308641975307 0.5204861111111111 0.5169753086419753 0.5204861111111111
0 0.7114197530864197 0.5225694444444444 0.8293209876543209 0.5225694444444444 0.8293209876543209 0.5864583333333333 0.7114197530864197 0.5864583333333333
0 0.5972222222222222 0.8708333333333333 0.7182098765432099 0.8708333333333333 0.7182098765432099 0.965625 0.5972222222222222 0.965625
0 0.7169753086419752 0.9180555555555556 0.8120370370370369 0.9180555555555556 0.8120370370370369 0.9760416666666667 0.7169753086419752 0.9760416666666667
0 0.44413580246913575 0.8881944444444444 0.49845679012345673 0.8881944444444444 0.49845679012345673 0.9350694444444444 0.44413580246913575 0.9350694444444444
