0 0.5262762762762764 0.12856606606606605 0.644728061394728 0.12856606606606605 0.644728061394728 0.17971096096096095 0.5262762762762764 0.17971096096096095
0 0.93335001668335 0.0898809008184008 0.9990740740740741 0.0898809008184008 0.9990740740740741 0.1642267267267267 0.93335001668335 0.1642267267267267
0 0.14756423089756432 0.49127252252252246 0.32273940607273943 0.49127252252252246 0.32273940607273943 0.5921546546546547 0.14756423089756432 0.5921546546546547
0 0.7581748415081749 0.5278716216216216 0.8749582916249584 0.5278716216216216 0.8749582916249584 0.5921546546546547 0.7581748415081749 0.5921546546546547
0 0.6764264264264264 0.8760322822822821 0.7898732065398733 0.8760322822822821 0.7898732065398733 0.9844219219219218 0.6764264264264264 0.9844219219219218
0 0.7648481815148482 0.9177927927927928 0.8682849516182849 0.9177927927927928 0.8682849516182849 0.9834834834834835 0.7648481815148482 0.9834834834834835
0 0.5621454788121455 0.4706268768768769 0.6288788788788789 0.4706268768768769 0.6288788788788789 0.5025337837837838 0.5621454788121455 0.5025337837837838
0 0.5154320987654322 0.4893956456456456 0.5763263263263263 0.4893956456456456 0.5763263263263263 0.5250563063063063 0.5154320987654322 0.5250563063063063
0 0.16863075196408536 0.09943181818181818 0.20847362514029183 0.09943181818181818 0.20847362514029183 0.1278409090909091 0.16863075196408536 0.1278409090909091
0 0.6731200897867565 0.38257575757575757 0.7382154882154882 0.38257575757575757 0.7382154882154882 0.4172979797979798 0.6731200897867565 0.4172979797979798
0 0.601290684624018 0.2140151515151515 0.6736812570145903 0.2140151515151515 0.6736812570145903 0.247790404040404 0.601290684624018 0.247790404040404
