0 0.6304713804713805 0.14993686868686867 0.7365319865319866 0.14993686868686867 0.7365319865319866 0.1991792929292929 0.6304713804713805 0.1991792929292929
0 0.18041526374859715 0.0981691919191919 0.22755331088664427 0.0981691919191919 0.22755331088664427 0.13510101010101008 0.18041526374859715 0.13510101010101008
0 0.16133557800224474 0.2389520202020202 0.2062289562289563 0.2389520202020202 0.2062289562289563 0.26483585858585856 0.16133557800224474 0.26483585858585856
0 0.3818742985409652 0.34848484848484845 0.45931537598204264 0.34848484848484845 0.45931537598204264 0.3986742424242424 0.3818742985409652 0.3986742424242424
0 0.4643658810325477 0.5252525252525252 0.6069023569023569 0.5252525252525252 0.6069023569023569 0.6297348484848484 0.4643658810325477 0.6297348484848484
0 0.9239618406285072 0.5422979797979797 0.9990740740740741 0.5422979797979797 0.9990740740740741 0.6069673134405277 0.9239618406285072 0.6069673134405277
0 0.8891694725028058 0.8888888888888888 0.9957912457912458 0.8888888888888888 0.9957912457912458 0.9977904040404039 0.8891694725028058 0.9977904040404039
0 0.014870931537598284 0.6338383838383838 0.07435465768799109 0.6338383838383838 0.07435465768799109 0.6644570707070707 0.014870931537598284 0.6644570707070707
0 0.6787317620650953 0.22979797979797978 0.761223344556678 0.22979797979797978 0.761223344556678 0.27746212121212116 0.6787317620650953 0.27746212121212116
0 0.6353025560772039 0.48268779342723006 0.706377151799687 0.48268779342723006 0.706377151799687 0.513130868544601 0.6353025560772039 0.513130868544601
