0 0.8014346764346764 0.1230540293040293 0.9072547822547822 0.1230540293040293 0.9072547822547822 0.17742673992673993 0.8014346764346764 0.17742673992673993
0 0.8406084656084657 0.21663232600732601 0.9148860398860399 0.21663232600732601 0.9148860398860399 0.25526556776556775 0.8406084656084657 0.25526556776556775
0 0.7668396418396418 0.3205128205128205 0.807030932030932 0.3205128205128205 0.807030932030932 0.33997252747252743 0.7668396418396418 0.33997252747252743
0 0.837047212047212 0.34540979853479853 0.89504477004477 0.34540979853479853 0.89504477004477 0.3757440476190476 0.837047212047212 0.3757440476190476
0 0.5714794464794465 0.3345352564102564 0.6671245421245421 0.3345352564102564 0.6671245421245421 0.37402701465201466 0.5714794464794465 0.37402701465201466
0 0.9265873015873016 0.5023263836620001 0.9990740740740741 0.5023263836620001 0.9990740740740741 0.5872252747252747 0.9265873015873016 0.5872252747252747
0 0.7790496540496541 0.47018086080586075 0.8385734635734635 0.47018086080586075 0.8385734635734635 0.5036630036630036 0.7790496540496541 0.5036630036630036
0 0.7251221001221001 0.48964056776556775 0.7836284086284087 0.48964056776556775 0.7836284086284087 0.5202609890109889 0.7251221001221001 0.5202609890109889
0 0.10546398046398049 0.6278617216117215 0.1568477818477819 0.6278617216117215 0.1568477818477819 0.6684981684981685 0.10546398046398049 0.6684981684981685
0 0.7775234025234026 0.9166094322344323 0.8456959706959707 0.9166094322344323 0.8456959706959707 0.9603937728937729 0.7775234025234026 0.9603937728937729
0 0.23977411477411478 0.0795558608058608 0.28149165649165653 0.0795558608058608 0.28149165649165653 0.10788690476190475 0.23977411477411478 0.10788690476190475
0 0.13141025641025644 0.034626831501831504 0.1822853072853073 0.034626831501831504 0.1822853072853073 0.06209935897435897 0.13141025641025644 0.06209935897435897
0 0.20161782661782665 0.2269345238095238 0.24333536833536837 0.2269345238095238 0.24333536833536837 0.2506868131868132 0.20161782661782665 0.2506868131868132
0 0.0 0.20283742331288349 0.02652806180413544 0.20283742331288349 0.02652806180413544 0.2335423794635835 0.0 0.2335423794635835
0 0.00266984776187233 0.5086273006134969 0.07481254260395367 0.5086273006134969 0.07481254260395367 0.5540005112474439 0.00266984776187233 0.5540005112474439
0 0.6496818904794365 0.5869120654396728 0.6956941604180867 0.5869120654396728 0.6956941604180867 0.6188650306748467 0.6496818904794365 0.6188650306748467
0 0.772949329697796 0.28559560327198363 0.8104408089070665 0.28559560327198363 0.8104408089070665 0.309560327198364 0.772949329697796 0.309560327198364
