0 0.01820987654320987 0.16805555555555557 0.07993827160493829 0.16805555555555557 0.07993827160493829 0.20347222222222222 0.01820987654320987 0.20347222222222222
0 0.03302469135802468 0.225 0.09228395061728394 0.225 0.09228395061728394 0.2517361111111111 0.03302469135802468 0.2517361111111111
0 0.28055555555555556 0.18645833333333334 0.3262345679012345 0.18645833333333334 0.3262345679012345 0.21145833333333333 0.28055555555555556 0.21145833333333333
0 0.32685185185185184 0.025 0.3762345679012345 0.025 0.3762345679012345 0.0638888888888889 0.32685185185185184 0.0638888888888889
0 0.4645061728395061 0.11979166666666667 0.5089506172839506 0.11979166666666667 0.5089506172839506 0.1517361111111111 0.4645061728395061 0.1517361111111111
0 0.3194444444444444 0.24305555555555555 0.366358024691358 0.24305555555555555 0.366358024691358 0.2638888888888889 0.3194444444444444 0.2638888888888889
0 0.2799382716049383 0.23159722222222223 0.3188271604938271 0.23159722222222223 0.3188271604938271 0.2517361111111111 0.2799382716049383 0.2517361111111111
0 0.07438271604938272 0.49444444444444446 0.17561728395061726 0.49444444444444446 0.17561728395061726 0.5395833333333333 0.07438271604938272 0.5395833333333333
0 0.2021604938271605 0.628125 0.2651234567901235 0.628125 0.2651234567901235 0.673611111111111 0.2021604938271605 0.673611111111111
0 0.0 0.7329861111111111 0.04660493827160492 0.7329861111111111 0.04660493827160492 0.7773255315500687 0.0 0.7773255315500687
0 0.9478395061728395 0.4789103835978837 0.9990740740740741 0.4789103835978837 0.9990740740740741 0.5152777777777778 0.9478395061728395 0.5152777777777778
0 0.8614197530864198 0.21006944444444445 0.9354938271604939 0.21006944444444445 0.9354938271604939 0.2520833333333333 0.8614197530864198 0.2520833333333333
