0 0.04012345679012352 0.12279040404040403 0.09792368125701466 0.12279040404040403 0.09792368125701466 0.16130050505050506 0.04012345679012352 0.16130050505050506
0 0.049663299663299736 0.18781565656565655 0.11812570145903487 0.18781565656565655 0.11812570145903487 0.21622474747474746 0.049663299663299736 0.21622474747474746
0 0.3134118967452301 0.15088383838383837 0.3599887766554433 0.15088383838383837 0.3599887766554433 0.17803030303030304 0.3134118967452301 0.17803030303030304
0 0.25673400673400676 0.11931818181818181 0.298260381593715 0.11931818181818181 0.298260381593715 0.14646464646464646 0.25673400673400676 0.14646464646464646
0 0.3712121212121212 0.012941919191919192 0.4222783389450056 0.012941919191919192 0.4222783389450056 0.04292929292929293 0.3712121212121212 0.04292929292929293
0 0.5019640852974188 0.07765151515151514 0.5659371492704827 0.07765151515151514 0.5659371492704827 0.10858585858585858 0.5019640852974188 0.10858585858585858
0 0.361672278338945 0.21022727272727273 0.404320987654321 0.21022727272727273 0.404320987654321 0.23200757575757575 0.361672278338945 0.23200757575757575
0 0.31790123456790126 0.19507575757575754 0.35549943883277224 0.19507575757575754 0.35549943883277224 0.22032828282828282 0.31790123456790126 0.22032828282828282
0 0.18827160493827164 0.3604797979797979 0.23092031425364762 0.3604797979797979 0.23092031425364762 0.38541666666666663 0.18827160493827164 0.38541666666666663
0 0.13159371492704833 0.4712752525252525 0.21913580246913586 0.4712752525252525 0.21913580246913586 0.5192550505050505 0.13159371492704833 0.5192550505050505
0 0.2657126823793491 0.6152146464646464 0.3324915824915825 0.6152146464646464 0.3324915824915825 0.6619318181818181 0.2657126823793491 0.6619318181818181
0 0.3201459034792369 0.6044823232323232 0.3874859708193042 0.6044823232323232 0.3874859708193042 0.637310606060606 0.3201459034792369 0.637310606060606
0 0.024410774410774473 0.7345328282828283 0.11026936026936032 0.7345328282828283 0.11026936026936032 0.7749368686868686 0.024410774410774473 0.7749368686868686
0 0.8280022446689114 0.7077020202020202 0.883557800224467 0.7077020202020202 0.883557800224467 0.7449494949494949 0.8280022446689114 0.7449494949494949
0 0.8605499438832771 0.5763888888888888 0.9161054994388327 0.5763888888888888 0.9161054994388327 0.6076388888888888 0.8605499438832771 0.6076388888888888
0 0.9419191919191919 0.27525252525252525 0.9924242424242423 0.27525252525252525 0.9924242424242423 0.2960858585858585 0.9419191919191919 0.2960858585858585
0 0.9436026936026936 0.23737373737373735 0.9868125701459035 0.23737373737373735 0.9868125701459035 0.2601010101010101 0.9436026936026936 0.2601010101010101
