0 0.06986531986531994 0.11142676767676767 0.13327721661055 0.11142676767676767 0.13327721661055 0.15183080808080807 0.06986531986531994 0.15183080808080807
0 0.07547699214365888 0.1717171717171717 0.14730639730639739 0.1717171717171717 0.14730639730639739 0.2048611111111111 0.07547699214365888 0.2048611111111111
0 0.3594276094276095 0.1366792929292929 0.4132996632996634 0.1366792929292929 0.4132996632996634 0.16761363636363635 0.3594276094276095 0.16761363636363635
0 0.2937710437710438 0.1038510101010101 0.3375420875420876 0.1038510101010101 0.3375420875420876 0.13257575757575757 0.2937710437710438 0.13257575757575757
0 0.3987093153759821 0.1991792929292929 0.44079685746352415 0.1991792929292929 0.44079685746352415 0.2215909090909091 0.3987093153759821 0.2215909090909091
0 0.35157126823793494 0.18592171717171715 0.3925364758698092 0.18592171717171715 0.3925364758698092 0.20359848484848483 0.35157126823793494 0.20359848484848483
0 0.223625140291807 0.35542929292929293 0.27244668911335584 0.35542929292929293 0.27244668911335584 0.37626262626262624 0.223625140291807 0.37626262626262624
0 0.19893378226711567 0.4655934343434343 0.29994388327721666 0.4655934343434343 0.29994388327721666 0.5132575757575757 0.19893378226711567 0.5132575757575757
0 0.3549382716049383 0.6152146464646464 0.4211560044893379 0.6152146464646464 0.4211560044893379 0.6619318181818181 0.3549382716049383 0.6619318181818181
0 0.404320987654321 0.6047979797979797 0.468294051627385 0.6047979797979797 0.468294051627385 0.6363636363636364 0.404320987654321 0.6363636363636364
0 0.1130751964085298 0.7351641414141414 0.21296296296296302 0.7351641414141414 0.21296296296296302 0.7844065656565656 0.1130751964085298 0.7844065656565656
0 0.9110549943883276 0.5738636363636364 0.97334455667789 0.5738636363636364 0.97334455667789 0.6041666666666666 0.9110549943883276 0.6041666666666666
0 0.9104938271604938 0.7064393939393939 0.9626823793490459 0.7064393939393939 0.9626823793490459 0.7481060606060606 0.9104938271604938 0.7481060606060606
0 0.4284511784511785 0.0009469696969696969 0.4767115600448935 0.0009469696969696969 0.4767115600448935 0.02967171717171717 0.4284511784511785 0.02967171717171717
