0 0.09537037037037034 0.043055555555555555 0.17314814814814813 0.043055555555555555 0.17314814814814813 0.08402777777777778 0.09537037037037034 0.08402777777777778
0 0.11018518518518516 0.11354166666666667 0.18055555555555552 0.11354166666666667 0.18055555555555552 0.14652777777777776 0.11018518518518516 0.14652777777777776
0 0.4287037037037037 0.07881944444444446 0.494753086419753 0.07881944444444446 0.494753086419753 0.10381944444444445 0.4287037037037037 0.10381944444444445
0 0.36080246913580244 0.03715277777777778 0.4046296296296296 0.03715277777777778 0.4046296296296296 0.07013888888888889 0.36080246913580244 0.07013888888888889
0 0.46522019531969777 0.14795812603648423 0.5264879307167863 0.14795812603648423 0.5264879307167863 0.1736111111111111 0.46522019531969777 0.1736111111111111
0 0.4177722498618021 0.12956053067993364 0.4619955776672195 0.12956053067993364 0.4619955776672195 0.15391791044776118 0.4177722498618021 0.15391791044776118
0 0.42468214483139854 0.15624999999999997 0.464759535655058 0.15624999999999997 0.464759535655058 0.181643864013267 0.42468214483139854 0.181643864013267
0 0.2634512622074811 0.31586857379767824 0.3072139303482587 0.31586857379767824 0.3072139303482587 0.3422989220563847 0.2634512622074811 0.3422989220563847
0 0.35696517412935325 0.4306592039800995 0.43113138013635527 0.4306592039800995 0.43113138013635527 0.47108208955223874 0.35696517412935325 0.47108208955223874
0 0.31366316565321545 0.7473051409618573 0.4223788465081998 0.7473051409618573 0.4223788465081998 0.7942060530679933 0.31366316565321545 0.7942060530679933
0 0.671595725078312 0.6988495024875621 0.7397733554449971 0.6988495024875621 0.7397733554449971 0.743936567164179 0.671595725078312 0.743936567164179
0 0.5449143173023769 0.6224087893864013 0.5997328173945089 0.6224087893864013 0.5997328173945089 0.6571310116086234 0.5449143173023769 0.6571310116086234
0 0.570250598857564 0.6003834991708125 0.6375069098949696 0.6003834991708125 0.6375069098949696 0.632514510779436 0.570250598857564 0.632514510779436
