0 0.4444905104109084 0.035240464344941956 0.5016123088262391 0.035240464344941956 0.5016123088262391 0.06944444444444443 0.4444905104109084 0.06944444444444443
0 0.36709968675142807 0.001813847429519071 0.4117836742214852 0.001813847429519071 0.4117836742214852 0.02798507462686567 0.36709968675142807 0.02798507462686567
0 0.08840058964437078 0.0012956053067993366 0.16302745531601254 0.0012956053067993366 0.16302745531601254 0.04327321724709784 0.08840058964437078 0.04327321724709784
0 0.09392850562004794 0.07644071310116085 0.17362262760272712 0.07644071310116085 0.17362262760272712 0.10313018242122718 0.09392850562004794 0.10313018242122718
0 0.48180394324672926 0.11686359867330015 0.5453749769670166 0.11686359867330015 0.5453749769670166 0.14199834162520727 0.48180394324672926 0.14199834162520727
0 0.42652478348995765 0.09380182421227197 0.4776580062649714 0.09380182421227197 0.4776580062649714 0.12230514096185736 0.42652478348995765 0.12230514096185736
0 0.43711995577667223 0.12619195688225537 0.4785793255942509 0.12619195688225537 0.4785793255942509 0.15080845771144274 0.43711995577667223 0.15080845771144274
0 0.38598673300165837 0.40889303482587064 0.47535470794177254 0.40889303482587064 0.47535470794177254 0.45242537313432835 0.38598673300165837 0.45242537313432835
0 0.34959461949511705 0.7680348258706466 0.4864105398931269 0.7680348258706466 0.4864105398931269 0.8190816749585406 0.34959461949511705 0.8190816749585406
0 0.7324028008107609 0.7055866500829187 0.800580431177446 0.7055866500829187 0.800580431177446 0.7581882255389717 0.7324028008107609 0.7581882255389717
0 0.6467201031877648 0.5918325041459369 0.701077943615257 0.5918325041459369 0.701077943615257 0.636660447761194 0.6467201031877648 0.636660447761194
