0 0.07412014004053809 0.0005182421227197346 0.16118481665745346 0.0005182421227197346 0.16118481665745346 0.023580016583747924 0.07412014004053809 0.023580016583747924
0 0.08701861065045148 0.06089344941956882 0.16026349732817396 0.06089344941956882 0.16026349732817396 0.08836028192371476 0.08701861065045148 0.08836028192371476
0 0.43021006080707574 0.023839137645107793 0.5071402248019163 0.023839137645107793 0.5071402248019163 0.054415422885572134 0.43021006080707574 0.054415422885572134
0 0.47903998525889074 0.10442578772802652 0.5458356366316565 0.10442578772802652 0.5458356366316565 0.12826492537313433 0.47903998525889074 0.12826492537313433
0 0.4260641238253179 0.08265961857379768 0.48088262391744974 0.08265961857379768 0.48088262391744974 0.11375414593698174 0.4260641238253179 0.11375414593698174
0 0.4421872120877096 0.11530887230514095 0.4799613045881702 0.11530887230514095 0.4799613045881702 0.1404436152570481 0.4421872120877096 0.1404436152570481
0 0.3657177077575088 0.4026741293532338 0.4785793255942509 0.4026741293532338 0.4785793255942509 0.4438743781094527 0.3657177077575088 0.4438743781094527
0 0.3523585774829556 0.7812499999999999 0.4868711995577667 0.7812499999999999 0.4868711995577667 0.8354063018242122 0.3523585774829556 0.8354063018242122
0 0.7443799520913948 0.7097325870646766 0.8194674774276763 0.7097325870646766 0.8194674774276763 0.7620750414593698 0.7443799520913948 0.7620750414593698
0 0.661921872120877 0.5939054726368159 0.7144370738898101 0.5939054726368159 0.7144370738898101 0.6376969320066335 0.661921872120877 0.6376969320066335
