0 0.11026936026936032 0.017045454545454544 0.19949494949494953 0.017045454545454544 0.19949494949494953 0.0707070707070707 0.11026936026936032 0.0707070707070707
0 0.6820987654320988 0.07449494949494949 0.7292368125701458 0.07449494949494949 0.7292368125701458 0.1029040404040404 0.6820987654320988 0.1029040404040404
0 0.6377665544332211 0.053030303030303025 0.680976430976431 0.053030303030303025 0.680976430976431 0.0827020202020202 0.6377665544332211 0.0827020202020202
0 0.6456228956228957 0.08301767676767675 0.6826599326599326 0.08301767676767675 0.6826599326599326 0.10984848484848483 0.6456228956228957 0.10984848484848483
0 0.6484287317620651 0.00031565656565656563 0.7180134680134681 0.00031565656565656563 0.7180134680134681 0.018623737373737372 0.6484287317620651 0.018623737373737372
0 0.039001122334455726 0.3756313131313131 0.1052188552188553 0.3756313131313131 0.1052188552188553 0.41445707070707066 0.039001122334455726 0.41445707070707066
0 0.0014029180695848025 0.3740530303030303 0.032828282828282894 0.3740530303030303 0.032828282828282894 0.4210858585858585 0.0014029180695848025 0.4210858585858585
0 0.2752525252525253 0.711489898989899 0.44584736251402923 0.711489898989899 0.44584736251402923 0.8238636363636364 0.2752525252525253 0.8238636363636364
0 0.902046783625731 0.7866541353383458 0.9990740740740741 0.7866541353383458 0.9990740740740741 0.8548764489348372 0.902046783625731 0.8548764489348372
0 0.6347117794486214 0.581453634085213 0.7502784739626845 0.581453634085213 0.7502784739626845 0.6292293233082707 0.6347117794486214 0.6292293233082707
