0 0.229320987654321 0.01909722222222222 0.3077160493827161 0.01909722222222222 0.3077160493827161 0.07013888888888889 0.229320987654321 0.07013888888888889
0 0.05771604938271603 0.17777777777777776 0.12191358024691357 0.17777777777777776 0.12191358024691357 0.215625 0.05771604938271603 0.215625
0 0.1743827160493827 0.3722222222222222 0.23549382716049383 0.3722222222222222 0.23549382716049383 0.4083333333333333 0.1743827160493827 0.4083333333333333
0 0.13117283950617284 0.3770833333333333 0.18302469135802468 0.3770833333333333 0.18302469135802468 0.4149305555555555 0.13117283950617284 0.4149305555555555
0 0.17314814814814813 0.40520833333333334 0.229320987654321 0.40520833333333334 0.229320987654321 0.4277777777777778 0.17314814814814813 0.4277777777777778
0 0.6564814814814814 0.7100694444444444 0.8416666666666666 0.7100694444444444 0.8416666666666666 0.8291666666666667 0.6564814814814814 0.8291666666666667
0 0.8577160493827161 0.2996527777777778 0.9570987654320988 0.2996527777777778 0.9570987654320988 0.3475694444444445 0.8577160493827161 0.3475694444444445
0 0.7453703703703703 0.0006944444444444444 0.8188271604938272 0.0006944444444444444 0.8188271604938272 0.022916666666666665 0.7453703703703703 0.022916666666666665
0 0.8608024691358024 0.004166666666666667 0.9052469135802469 0.004166666666666667 0.9052469135802469 0.04131944444444444 0.8608024691358024 0.04131944444444444
0 0.7780864197530863 0.078125 0.836111111111111 0.078125 0.836111111111111 0.10208333333333333 0.7780864197530863 0.10208333333333333
0 0.7274691358024691 0.051388888888888894 0.7712962962962963 0.051388888888888894 0.7712962962962963 0.07881944444444446 0.7274691358024691 0.07881944444444446
0 0.5200617283950617 0.26458333333333334 0.5743827160493826 0.26458333333333334 0.5743827160493826 0.28958333333333336 0.5200617283950617 0.28958333333333336
