0 0.24046015712682384 0.0009469696969696969 0.3257575757575758 0.0009469696969696969 0.3257575757575758 0.0514520202020202 0.24046015712682384 0.0514520202020202
0 0.07716049382716056 0.1654040404040404 0.13496071829405168 0.1654040404040404 0.13496071829405168 0.20707070707070707 0.07716049382716056 0.20707070707070707
0 0.20510662177328848 0.37058080808080807 0.28198653198653206 0.37058080808080807 0.28198653198653206 0.4021464646464646 0.20510662177328848 0.4021464646464646
0 0.21296296296296302 0.39520202020202017 0.25729517396184065 0.39520202020202017 0.25729517396184065 0.4261363636363636 0.21296296296296302 0.4261363636363636
0 0.154601571268238 0.3718434343434343 0.20735129068462407 0.3718434343434343 0.20735129068462407 0.40751262626262624 0.154601571268238 0.40751262626262624
0 0.8134118967452301 0.7042297979797979 0.9980359147025812 0.7042297979797979 0.9980359147025812 0.8301767676767676 0.8134118967452301 0.8301767676767676
0 0.8706509539842873 0.0 0.9290123456790123 0.0 0.9290123456790123 0.0303030303030303 0.8706509539842873 0.0303030303030303
0 0.7550505050505051 0.032828282828282825 0.8044332210998877 0.032828282828282825 0.8044332210998877 0.0634469696969697 0.7550505050505051 0.0634469696969697
0 0.8021885521885521 0.06092171717171716 0.8639169472502806 0.06092171717171716 0.8639169472502806 0.0899621212121212 0.8021885521885521 0.0899621212121212
0 0.7657126823793491 0.07102272727272727 0.803872053872054 0.07102272727272727 0.803872053872054 0.0981691919191919 0.7657126823793491 0.0981691919191919
