0 0.2561728395061729 0.0012626262626262625 0.34708193041526375 0.0012626262626262625 0.34708193041526375 0.032512626262626264 0.2561728395061729 0.032512626262626264
0 0.1445005611672279 0.007575757575757575 0.21408529741863078 0.007575757575757575 0.21408529741863078 0.046401515151515145 0.1445005611672279 0.046401515151515145
0 0.07940516273849614 0.15119949494949492 0.14393939393939398 0.15119949494949492 0.14393939393939398 0.19696969696969693 0.07940516273849614 0.19696969696969693
0 0.23428731762065097 0.36584595959595956 0.30050505050505055 0.36584595959595956 0.30050505050505055 0.4021464646464646 0.23428731762065097 0.4021464646464646
0 0.17312008978675653 0.36931818181818177 0.23035914702581375 0.36931818181818177 0.23035914702581375 0.4116161616161616 0.17312008978675653 0.4116161616161616
0 0.22979797979797986 0.39425505050505044 0.27805836139169476 0.39425505050505044 0.27805836139169476 0.42866161616161613 0.22979797979797986 0.42866161616161613
0 0.8078002244668911 0.8345959595959596 0.86672278338945 0.8345959595959596 0.86672278338945 0.868371212121212 0.8078002244668911 0.868371212121212
0 0.8414702581369248 0.04734848484848485 0.9026374859708193 0.04734848484848485 0.9026374859708193 0.07575757575757575 0.8414702581369248 0.07575757575757575
0 0.9071268237934905 0.0012626262626262625 0.9671717171717171 0.0012626262626262625 0.9671717171717171 0.017045454545454544 0.9071268237934905 0.017045454545454544
0 0.7847923681257014 0.022411616161616157 0.8409090909090909 0.022411616161616157 0.8409090909090909 0.05366161616161615 0.7847923681257014 0.05366161616161615
0 0.7988215488215489 0.057449494949494945 0.8459595959595958 0.057449494949494945 0.8459595959595958 0.08554292929292928 0.7988215488215489 0.08554292929292928
