0 0.1293752543752544 0.12248168498168498 0.19805657305657307 0.12248168498168498 0.19805657305657307 0.16655219780219782 0.1293752543752544 0.16655219780219782
0 6.579099405186113e-18 0.16054258241758243 0.0591676841676842 0.16054258241758243 0.0591676841676842 0.20785228029546213 6.579099405186113e-18 0.20785228029546213
0 0.31761294261294265 0.35170558608058605 0.40206552706552706 0.35170558608058605 0.40206552706552706 0.3943452380952381 0.31761294261294265 0.3943452380952381
0 0.24994912494912494 0.3528502747252747 0.3171041921041921 0.3528502747252747 0.3171041921041921 0.3974931318681319 0.24994912494912494 0.3974931318681319
0 0.2926841676841677 0.3871909340659341 0.3461029711029711 0.3871909340659341 0.3461029711029711 0.4209592490842491 0.2926841676841677 0.4209592490842491
0 0.6226321741588917 0.24650127226463103 0.6805908962397511 0.24650127226463103 0.6805908962397511 0.27989821882951654 0.6226321741588917 0.27989821882951654
0 0.8700169635284138 0.051288167938931296 0.9145462256149279 0.051288167938931296 0.9145462256149279 0.07633587786259541 0.8700169635284138 0.07633587786259541
0 0.8671897087927621 0.011132315521628498 0.9166666666666665 0.011132315521628498 0.9166666666666665 0.04810750636132315 0.8671897087927621 0.04810750636132315
0 0.9173734803505796 0.042541348600508906 0.9732117613797001 0.042541348600508906 0.9732117613797001 0.07395038167938932 0.9173734803505796 0.07395038167938932
0 0.08977663230240546 0.11299935567010305 0.13464108438335237 0.11299935567010305 0.13464108438335237 0.1468266752577319 0.08977663230240546 0.1468266752577319
