0 0.8132298965632299 0.19660285285285284 0.8883049716383049 0.19660285285285284 0.8883049716383049 0.2402402402402402 0.8132298965632299 0.2402402402402402
0 0.0 0.48295454545454547 0.0636924803591471 0.48295454545454547 0.0636924803591471 0.5148321303587051 0.0 0.5148321303587051
0 0.8577441077441077 0.5533459595959596 0.9211560044893378 0.5533459595959596 0.9211560044893378 0.5855429292929293 0.8577441077441077 0.5855429292929293
0 0.22250280583613924 0.9119318181818181 0.2752525252525253 0.9119318181818181 0.2752525252525253 0.9586489898989898 0.22250280583613924 0.9586489898989898
0 0.45314253647586983 0.6849747474747474 0.5008417508417509 0.6849747474747474 0.5008417508417509 0.7174873737373737 0.45314253647586983 0.7174873737373737
0 0.009820426487093222 0.07638888888888888 0.057519640852974244 0.07638888888888888 0.057519640852974244 0.10795454545454544 0.009820426487093222 0.10795454545454544
0 0.39646464646464646 0.00031565656565656563 0.494668911335578 0.00031565656565656563 0.494668911335578 0.03314393939393939 0.39646464646464646 0.03314393939393939
0 0.30106621773288444 0.00031565656565656563 0.3869248035914703 0.00031565656565656563 0.3869248035914703 0.050189393939393936 0.30106621773288444 0.050189393939393936
0 0.9532657657657658 0.15477195945945946 0.9990740740740741 0.15477195945945946 0.9990740740740741 0.18619534168314647 0.9532657657657658 0.18619534168314647
0 0.3764389389389389 0.5612331081081081 0.44275525525525533 0.5612331081081081 0.44275525525525533 0.5886824324324323 0.3764389389389389 0.5886824324324323
