0 0.8624847374847375 0.03920558608058608 0.9413410663410663 0.03920558608058608 0.9413410663410663 0.09329212454212454 0.8624847374847375 0.09329212454212454
0 0.8838522588522589 0.002289377289377289 0.941849816849817 0.002289377289377289 0.941849816849817 0.03834706959706959 0.8838522588522589 0.03834706959706959
0 0.6350732600732601 0.055803571428571425 0.7047720797720798 0.055803571428571425 0.7047720797720798 0.08871336996336997 0.6350732600732601 0.08871336996336997
0 0.3852767602767603 0.10273580586080586 0.4275030525030525 0.10273580586080586 0.4275030525030525 0.12992216117216115 0.3852767602767603 0.12992216117216115
0 0.7393671143671143 0.21777701465201466 0.7938034188034188 0.21777701465201466 0.7938034188034188 0.2423878205128205 0.7393671143671143 0.2423878205128205
0 0.37459299959299963 0.42267628205128205 0.4315730565730566 0.42267628205128205 0.4315730565730566 0.4484317765567765 0.37459299959299963 0.4484317765567765
0 0.4707468457468457 0.49593635531135527 0.5272181522181523 0.49593635531135527 0.5272181522181523 0.5302770146520147 0.4707468457468457 0.5302770146520147
0 0.30692918192918195 0.5786401098901098 0.368996743996744 0.5786401098901098 0.368996743996744 0.6167010073260073 0.30692918192918195 0.6167010073260073
0 0.7129120879120879 0.8928571428571428 0.7724358974358974 0.8928571428571428 0.7724358974358974 0.9366414835164835 0.7129120879120879 0.9366414835164835
0 0.8726597476597476 0.5669070512820512 0.924043549043549 0.5669070512820512 0.924043549043549 0.5895146520146519 0.8726597476597476 0.5895146520146519
