0 0.01082516339869286 0.3247549019607843 0.10137527233115474 0.3247549019607843 0.10137527233115474 0.3779871323529411 0.01082516339869286 0.3779871323529411
0 0.5752314814814815 0.4113051470588235 0.6256127450980393 0.4113051470588235 0.6256127450980393 0.4457720588235294 0.5752314814814815 0.4457720588235294
0 0.6828022875816994 0.48713235294117646 0.7427151416122003 0.48713235294117646 0.7427151416122003 0.5196844362745098 0.6828022875816994 0.5196844362745098
0 0.5473175381263617 0.5694699754901961 0.6181236383442266 0.5694699754901961 0.6181236383442266 0.6035539215686274 0.5473175381263617 0.6035539215686274
0 0.9367510893246186 0.8766084558823529 0.99734477124183 0.8766084558823529 0.99734477124183 0.920266544117647 0.9367510893246186 0.920266544117647
0 0.5496913580246913 0.103125 0.5978395061728394 0.103125 0.5978395061728394 0.13333333333333333 0.5496913580246913 0.13333333333333333
0 0.1595679012345679 0.0010416666666666667 0.21512345679012346 0.0010416666666666667 0.21512345679012346 0.029861111111111113 0.1595679012345679 0.029861111111111113
0 0.8373456790123457 0.052083333333333336 0.9015432098765431 0.052083333333333336 0.9015432098765431 0.08194444444444444 0.8373456790123457 0.08194444444444444
0 0.1324074074074074 0.2798611111111111 0.1904320987654321 0.2798611111111111 0.1904320987654321 0.3121527777777778 0.1324074074074074 0.3121527777777778
0 0.9348765432098765 0.20972222222222223 0.992283950617284 0.20972222222222223 0.992283950617284 0.23229166666666667 0.9348765432098765 0.23229166666666667
