0 0.6031454248366014 0.20450367647058823 0.7420343137254901 0.20450367647058823 0.7420343137254901 0.27075674019607837 0.6031454248366014 0.27075674019607837
0 0.7924155773420479 0.13595281862745096 0.8679874727668844 0.13595281862745096 0.8679874727668844 0.17539828431372548 0.7924155773420479 0.17539828431372548
0 0.13201252723311552 0.3354779411764706 0.21643518518518523 0.3354779411764706 0.21643518518518523 0.37147671568627444 0.13201252723311552 0.37147671568627444
0 0.04078159041394342 0.3170955882352941 0.13201252723311552 0.3170955882352941 0.13201252723311552 0.3588388480392156 0.04078159041394342 0.3588388480392156
0 0.06529139433551202 0.3584558823529411 0.13609749455337697 0.3584558823529411 0.13609749455337697 0.4021139705882353 0.06529139433551202 0.4021139705882353
0 0.40366285403050106 0.30254289215686275 0.4424700435729848 0.30254289215686275 0.4424700435729848 0.3243719362745098 0.40366285403050106 0.3243719362745098
0 0.29064542483660133 0.5215992647058824 0.3512391067538127 0.5215992647058824 0.3512391067538127 0.5553002450980391 0.29064542483660133 0.5553002450980391
0 0.023080065359477184 0.5993412990196079 0.07550381263616565 0.5993412990196079 0.07550381263616565 0.6368719362745098 0.023080065359477184 0.6368719362745098
0 0.14971405228758175 0.9271599264705882 0.25115740740740744 0.9271599264705882 0.25115740740740744 0.9945618872549019 0.14971405228758175 0.9945618872549019
0 0.9585375816993464 0.0019814523031434533 0.9990740740740741 0.0019814523031434533 0.9990740740740741 0.02948835784313725 0.9585375816993464 0.02948835784313725
