0 0.8243284493284493 0.17055860805860806 0.8838522588522589 0.17055860805860806 0.8838522588522589 0.20003434065934067 0.8243284493284493 0.20003434065934067
0 0.8889397639397639 0.20890567765567764 0.9988298738298738 0.20890567765567764 0.9988298738298738 0.278731684981685 0.8889397639397639 0.278731684981685
0 0.7062983312983313 0.04292582417582417 0.7525946275946276 0.04292582417582417 0.7525946275946276 0.07297390109890109 0.7062983312983313 0.07297390109890109
0 0.772944647944648 0.16626602564102563 0.8222934472934473 0.16626602564102563 0.8222934472934473 0.19545558608058608 0.772944647944648 0.19545558608058608
0 0.32575295075295074 0.3270947802197802 0.38782051282051283 0.3270947802197802 0.38782051282051283 0.3680173992673993 0.32575295075295074 0.3680173992673993
0 0.39494301994301995 0.3419757326007326 0.4819393569393569 0.3419757326007326 0.4819393569393569 0.3757440476190476 0.39494301994301995 0.3757440476190476
0 0.33592796092796096 0.36973443223443225 0.4041005291005291 0.36973443223443225 0.4041005291005291 0.408367673992674 0.33592796092796096 0.408367673992674
0 0.19653032153032154 0.4075091575091575 0.2591066341066341 0.4075091575091575 0.2591066341066341 0.43469551282051283 0.19653032153032154 0.43469551282051283
0 0.598951973951974 0.3336767399267399 0.6452482702482703 0.3336767399267399 0.6452482702482703 0.36229395604395603 0.598951973951974 0.36229395604395603
0 0.32371794871794873 0.5165407509157509 0.36543549043549045 0.5165407509157509 0.36543549043549045 0.5354281135531135 0.32371794871794873 0.5354281135531135
0 0.4463268213268213 0.5248397435897435 0.5083943833943834 0.5248397435897435 0.5083943833943834 0.5548878205128205 0.4463268213268213 0.5548878205128205
0 0.4737993487993488 0.9332074175824175 0.5704619454619455 0.9332074175824175 0.5704619454619455 0.9964514652014652 0.4737993487993488 0.9964514652014652
0 0.661019536019536 0.9131753663003663 0.7561558811558812 0.9131753663003663 0.7561558811558812 0.960679945054945 0.661019536019536 0.960679945054945
