0 0.7637298558100085 0.018726145038167993 0.8209817642069551 0.018726145038167993 0.8209817642069551 0.059577767175572574 0.7637298558100085 0.059577767175572574
0 0.6937553011026294 0.03393368320610692 0.7414652247667516 0.03393368320610692 0.7414652247667516 0.061068702290076396 0.6937553011026294 0.061068702290076396
0 9.86864910777917e-18 0.041388358778626004 0.05815309584393555 0.041388358778626004 0.05815309584393555 0.08718392175572527 9.86864910777917e-18 0.08718392175572527
0 0.09950169635284141 0.001133110687022955 0.15887404580152673 0.001133110687022955 0.15887404580152673 0.027075381679389367 0.09950169635284141 0.027075381679389367
0 0.2882209499575912 0.9037452290076337 0.38841178965224765 0.9037452290076337 0.38841178965224765 0.9633826335877863 0.2882209499575912 0.9633826335877863
0 0.5177586938083121 0.8447041984732826 0.6084075487701442 0.8447041984732826 0.6084075487701442 0.8810830152671757 0.5177586938083121 0.8810830152671757
0 0.012033502968617495 0.7603172709923663 0.09261026293469042 0.7603172709923663 0.09261026293469042 0.8005725190839696 0.012033502968617495 0.8005725190839696
0 0.08571882951653947 0.5989980916030534 0.149862171331637 0.5989980916030534 0.149862171331637 0.6315004770992366 0.08571882951653947 0.6315004770992366
0 0.4292302798982189 0.3166149809160306 0.47481976251060226 0.3166149809160306 0.47481976251060226 0.3386808206106871 0.4292302798982189 0.3386808206106871
0 0.3561253561253561 0.6116786858974359 0.39886039886039887 0.6116786858974359 0.39886039886039887 0.63671875 0.3561253561253561 0.63671875
0 0.6066066066066066 0.5447635135135135 0.6463963963963963 0.5447635135135135 0.6463963963963963 0.5671452702702703 0.6066066066066066 0.5671452702702703
0 0.6441441441441441 0.3511402027027027 0.6798048048048048 0.3511402027027027 0.6798048048048048 0.375 0.6441441441441441 0.375
