0 0.06822273662551442 0.04626012731481484 0.13638117283950615 0.04626012731481484 0.13638117283950615 0.08315248842592596 0.06822273662551442 0.08315248842592596
0 0.18139146090534974 0.0006872106481481809 0.24247685185185186 0.0006872106481481809 0.24247685185185186 0.019495081018518552 0.18139146090534974 0.019495081018518552
0 0.8739068930041152 0.02238859953703707 0.9369212962962962 0.02238859953703707 0.9369212962962962 0.06687644675925929 0.8739068930041152 0.06687644675925929
0 0.795460390946502 0.038302951388888916 0.8520447530864197 0.038302951388888916 0.8520447530864197 0.0647063078703704 0.795460390946502 0.0647063078703704
0 0.4932539682539683 0.2805803571428572 0.5361111111111111 0.2805803571428572 0.5361111111111111 0.3053571428571428 0.4932539682539683 0.3053571428571428
0 0.7182539682539683 0.3671875 0.7603174603174604 0.3671875 0.7603174603174604 0.3872767857142857 0.7182539682539683 0.3872767857142857
0 0.05657181571815713 0.7957317073170732 0.1365176151761517 0.7957317073170732 0.1365176151761517 0.839939024390244 0.05657181571815713 0.839939024390244
0 0.34451219512195114 0.9580792682926831 0.43457887935360795 0.9580792682926831 0.43457887935360795 0.99921875 0.34451219512195114 0.99921875
0 0.5802845528455285 0.900533536585366 0.6642953929539296 0.900533536585366 0.6642953929539296 0.9401676829268293 0.5802845528455285 0.9401676829268293
0 0.13880547213880545 0.6226539039039038 0.20095095095095092 0.6226539039039038 0.20095095095095092 0.6468186936936937 0.13880547213880545 0.6468186936936937
0 0.6764264264264264 0.5698667417417418 0.7248081414748081 0.5698667417417418 0.7248081414748081 0.5916854354354355 0.6764264264264264 0.5916854354354355
0 0.4716383049716383 0.4900994744744745 0.5133466800133466 0.4900994744744745 0.5133466800133466 0.5093374624624625 0.4716383049716383 0.5093374624624625
0 0.3204787234042553 0.23182624113475175 0.37465524034672976 0.23182624113475175 0.37465524034672976 0.25343528368794327 0.3204787234042553 0.25343528368794327
