0 0.2778486394557823 0.02706473214285718 0.33666383219954654 0.02706473214285718 0.33666383219954654 0.06493144132653064 0.2778486394557823 0.06493144132653064
0 0.15880102040816324 0.09004304846938779 0.22328514739229025 0.09004304846938779 0.22328514739229025 0.13030133928571433 0.15880102040816324 0.13030133928571433
0 0.7107362552864284 0.11786332179930796 0.7698481353325644 0.11786332179930796 0.7698481353325644 0.14057093425605535 0.7107362552864284 0.14057093425605535
0 0.8996059207996924 0.07893598615916955 0.9572760476739716 0.07893598615916955 0.9572760476739716 0.10596885813148789 0.8996059207996924 0.10596885813148789
0 0.3911476355247982 0.29006271626297575 0.45506535947712423 0.29006271626297575 0.45506535947712423 0.31277032871972316 0.3911476355247982 0.31277032871972316
0 0.2013168012302961 0.6669009515570934 0.2637927720107651 0.6669009515570934 0.2637927720107651 0.6974480968858131 0.2013168012302961 0.6974480968858131
0 0.14364667435601694 0.579314446366782 0.18209342560553637 0.579314446366782 0.18209342560553637 0.605806660899654 0.14364667435601694 0.605806660899654
0 0.11192810457516343 0.8672145328719723 0.1897827758554403 0.8672145328719723 0.1897827758554403 0.9120891003460206 0.11192810457516343 0.9120891003460206
0 0.7025663206459055 0.955071366782007 0.7794598231449441 0.955071366782007 0.7794598231449441 0.9866998269896193 0.7025663206459055 0.9866998269896193
0 0.7573529411764706 0.6217560553633218 0.7909938485198 0.6217560553633218 0.7909938485198 0.6482482698961938 0.7573529411764706 0.6482482698961938
0 0.48005574778931187 0.6785250865051903 0.5237889273356402 0.6785250865051903 0.5237889273356402 0.7063689446366782 0.48005574778931187 0.7063689446366782
0 0.8102172241445598 0.4022491349480969 0.8472222222222222 0.4022491349480969 0.8472222222222222 0.4225237889273356 0.8102172241445598 0.4225237889273356
0 0.5785755478662054 0.37467560553633217 0.6251922337562477 0.37467560553633217 0.6251922337562477 0.3968425605536332 0.5785755478662054 0.3968425605536332
0 0.542051134179162 0.5284926470588236 0.5809784698193003 0.5284926470588236 0.5809784698193003 0.5487673010380623 0.542051134179162 0.5487673010380623
