0 0.3702830188679244 0.12308372641509432 0.42487770789657575 0.12308372641509432 0.42487770789657575 0.15502161949685533 0.3702830188679244 0.15502161949685533
0 0.2558525506638714 0.1795892295597484 0.3104472396925227 0.1795892295597484 0.3104472396925227 0.21496658805031443 0.2558525506638714 0.21496658805031443
0 0.7987421383647799 0.19236438679245282 0.8515897973445143 0.19236438679245282 0.8515897973445143 0.216686320754717 0.7987421383647799 0.216686320754717
0 0.7843291404612159 0.3095518867924528 0.8310621942697414 0.3095518867924528 0.8310621942697414 0.33534787735849053 0.7843291404612159 0.33534787735849053
0 0.8852201257861635 0.4662932389937107 0.9240915443745632 0.4662932389937107 0.9240915443745632 0.4859473270440251 0.8852201257861635 0.4859473270440251
0 0.6563591893780573 0.46015133647798734 0.7127009084556254 0.46015133647798734 0.7127009084556254 0.4805424528301886 0.6563591893780573 0.4805424528301886
0 0.2803109713487072 0.7520145440251572 0.3370894479385045 0.7520145440251572 0.3370894479385045 0.7802672955974843 0.2803109713487072 0.7802672955974843
0 0.5484800838574423 0.7559453616352201 0.5952131376659677 0.7559453616352201 0.5952131376659677 0.7819870283018868 0.5484800838574423 0.7819870283018868
0 0.8332459818308875 0.7092669025157232 0.8699336128581411 0.7092669025157232 0.8699336128581411 0.731377751572327 0.8332459818308875 0.731377751572327
0 0.1973270440251572 0.9795106132075471 0.2781271837875611 0.9795106132075471 0.2781271837875611 0.9989190251572326 0.1973270440251572 0.9989190251572326
