0 0.15301890432098772 0.49356995884773663 0.1790605709876544 0.49356995884773663 0.1790605709876544 0.5638717421124828 0.15301890432098772 0.5638717421124828
0 0.17230902777777785 0.5647290809327846 0.20510223765432106 0.5647290809327846 0.20510223765432106 0.6204561042524006 0.17230902777777785 0.6204561042524006
0 0.4276933183183183 0.1121121121121121 0.4476351351351351 0.1121121121121121 0.4476351351351351 0.1400567233900567 0.4276933183183183 0.1400567233900567
0 0.5851163663663663 0.4708041374708041 0.6034159159159159 0.4708041374708041 0.6034159159159159 0.5016683350016683 0.5851163663663663 0.5016683350016683
0 0.5536786786786787 0.2743576910243577 0.5724474474474475 0.2743576910243577 0.5724474474474475 0.3039706373039706 0.5536786786786787 0.3039706373039706
0 0.45936561561561556 0.2122122122122122 0.4776651651651652 0.2122122122122122 0.4776651651651652 0.2455789122455789 0.45936561561561556 0.2455789122455789
0 0.1226958525345622 0.31554019457245264 0.1493375576036866 0.31554019457245264 0.1493375576036866 0.3686635944700461 0.1226958525345622 0.3686635944700461
0 0.6923953862660943 0.5464949928469243 0.7158664163090129 0.5464949928469243 0.7158664163090129 0.5971626132570339 0.6923953862660943 0.5971626132570339
0 0.7825912017167382 0.347997138769671 0.8037151287553648 0.347997138769671 0.8037151287553648 0.3909155937052934 0.7825912017167382 0.3909155937052934
0 0.6993869617224882 0.7369085592769804 0.724058014354067 0.7369085592769804 0.724058014354067 0.7681419457735247 0.6993869617224882 0.7681419457735247
0 0.8556369617224882 0.5282429558745348 0.8788127990430622 0.5282429558745348 0.8788127990430622 0.5574827219564062 0.8556369617224882 0.5574827219564062
0 0.09114583333333333 0.900462962962963 0.11545138888888888 0.900462962962963 0.11545138888888888 0.9567901234567902 0.09114583333333333 0.9567901234567902
0 0.14505119453924914 0.8801668562760712 0.16611561433447097 0.8801668562760712 0.16611561433447097 0.9223549488054607 0.14505119453924914 0.9223549488054607
0 0.6602253871681415 0.9544001966568337 0.6875345685840707 0.9544001966568337 0.6875345685840707 0.9918879056047196 0.6602253871681415 0.9918879056047196
0 0.06007090336134454 0.6610644257703081 0.08009453781512606 0.6610644257703081 0.08009453781512606 0.697829131652661 0.06007090336134454 0.697829131652661
