0 0.2067673141891892 0.4075638138138138 0.24266258445945948 0.4075638138138138 0.24266258445945948 0.47606981981981983 0.2067673141891892 0.47606981981981983
0 0.23936929223744294 0.48509639776763064 0.2671946347031963 0.48509639776763064 0.2671946347031963 0.5237823439878234 0.23936929223744294 0.5237823439878234
0 0.11772260273972604 0.5941780821917808 0.13876997716894976 0.5941780821917808 0.13876997716894976 0.6309614408929478 0.11772260273972604 0.6309614408929478
0 0.15732020547945208 0.8161466260781329 0.1819349315068493 0.8161466260781329 0.1819349315068493 0.8630771182141045 0.15732020547945208 0.8630771182141045
0 0.21261415525114158 0.794583967529173 0.23473173515981735 0.794583967529173 0.23473173515981735 0.8434170471841704 0.21261415525114158 0.8434170471841704
0 0.318564497716895 0.7825342465753424 0.3424657534246575 0.7825342465753424 0.3424657534246575 0.8345383054287164 0.318564497716895 0.8345383054287164
0 0.4815924657534246 0.01262049720953829 0.509417808219178 0.01262049720953829 0.509417808219178 0.05257483510908167 0.4815924657534246 0.05257483510908167
0 0.6542522831050228 0.3696727549467275 0.6770833333333334 0.3696727549467275 0.6770833333333334 0.41089548452562147 0.6542522831050228 0.41089548452562147
0 0.761986301369863 0.4635337392186707 0.7837471461187214 0.4635337392186707 0.7837471461187214 0.5130010147133435 0.761986301369863 0.5130010147133435
0 0.7666238584474886 0.6582318619989853 0.7937357305936074 0.6582318619989853 0.7937357305936074 0.6950152207001522 0.7666238584474886 0.6950152207001522
0 0.779109589041096 0.5954464738711315 0.8022973744292237 0.5954464738711315 0.8022973744292237 0.6341324200913242 0.779109589041096 0.6341324200913242
0 0.7302368721461188 0.8668822932521563 0.7605593607305936 0.8668822932521563 0.7605593607305936 0.9125443937087773 0.7302368721461188 0.9125443937087773
0 0.1865724885844749 0.2320522577371892 0.20654965753424656 0.2320522577371892 0.20654965753424656 0.27454337899543374 0.1865724885844749 0.27454337899543374
0 0.8566810344827586 0.25295338441890164 0.8818247126436782 0.25295338441890164 0.8818247126436782 0.3016443167305236 0.8566810344827586 0.3016443167305236
0 0.9410919540229885 0.4301564495530012 0.962194683908046 0.4301564495530012 0.962194683908046 0.47246168582375475 0.9410919540229885 0.47246168582375475
0 0.08543820488721807 0.6511069340016709 0.10717222744360903 0.6511069340016709 0.10717222744360903 0.6913116123642439 0.08543820488721807 0.6913116123642439
0 0.06399788533834588 0.7706766917293232 0.08543820488721807 0.7706766917293232 0.08543820488721807 0.8077485380116959 0.06399788533834588 0.8077485380116959
0 0.6076421522556391 0.18274853801169588 0.6290824718045112 0.18274853801169588 0.6290824718045112 0.21407685881370092 0.6076421522556391 0.21407685881370092
0 0.617921757518797 0.21877610693400165 0.6387746710526315 0.21877610693400165 0.6387746710526315 0.24644945697577275 0.617921757518797 0.24644945697577275
