0 0.2643877262443439 0.41226747109100054 0.2930217760180996 0.41226747109100054 0.2930217760180996 0.47322775263951733 0.2643877262443439 0.47322775263951733
0 0.29231476244343896 0.48579688285570644 0.3223628393665159 0.48579688285570644 0.3223628393665159 0.5316742081447964 0.29231476244343896 0.5316742081447964
0 0.32589790723981904 0.517219708396179 0.34675480769230776 0.517219708396179 0.34675480769230776 0.5555555555555556 0.32589790723981904 0.5555555555555556
0 0.5336003707627118 0.00882768361581921 0.5557799258474576 0.00882768361581921 0.5557799258474576 0.051789077212806026 0.5336003707627118 0.051789077212806026
0 0.6640293961864406 0.2106873822975518 0.6858779131355932 0.2106873822975518 0.6858779131355932 0.2354048964218456 0.6640293961864406 0.2354048964218456
0 0.660056938559322 0.17773069679849343 0.6759467690677966 0.17773069679849343 0.6759467690677966 0.20892184557438798 0.660056938559322 0.20892184557438798
0 0.21206872171945707 0.8333333333333334 0.23540016968325794 0.8333333333333334 0.23540016968325794 0.877325289089995 0.21206872171945707 0.877325289089995
0 0.4422016402714933 0.8396178984414279 0.4708356900452489 0.8396178984414279 0.4708356900452489 0.8942936148818502 0.4422016402714933 0.8942936148818502
0 0.3732678167420815 0.798139768728004 0.39978082579185525 0.798139768728004 0.39978082579185525 0.8446455505279035 0.3732678167420815 0.8446455505279035
0 0.2661552601809955 0.8088235294117647 0.28771917420814486 0.8088235294117647 0.28771917420814486 0.8515585721468074 0.2661552601809955 0.8515585721468074
0 0.23893523755656113 0.23190045248868776 0.26014564479638014 0.23190045248868776 0.26014564479638014 0.287833081950729 0.23893523755656113 0.287833081950729
0 0.8239889705882353 0.45437405731523384 0.8540370475113122 0.45437405731523384 0.8540370475113122 0.5040221216691805 0.8239889705882353 0.5040221216691805
0 0.7966116573033708 0.8885767790262172 0.8264571629213483 0.8885767790262172 0.8264571629213483 0.9260299625468165 0.7966116573033708 0.9260299625468165
0 0.919943820224719 0.24172908863920095 0.9436446629213483 0.24172908863920095 0.9436446629213483 0.28152309612983767 0.919943820224719 0.28152309612983767
0 0.7290062203791469 0.3613744075829384 0.7541839454976303 0.3613744075829384 0.7541839454976303 0.4133754607688257 0.7290062203791469 0.4133754607688257
0 0.16435870853080564 0.5957082675092155 0.1828717417061611 0.5957082675092155 0.1828717417061611 0.6286203264876251 0.16435870853080564 0.6286203264876251
0 0.8361913357400722 0.6553349378259126 0.8612928700361012 0.6553349378259126 0.8612928700361012 0.6889290012033694 0.8361913357400722 0.6889290012033694
0 0.8432423285198556 0.5921580425190534 0.8646773465703971 0.5921580425190534 0.8646773465703971 0.631768953068592 0.8432423285198556 0.631768953068592
