0 0.26781728316326536 0.23242630385487528 0.29930644132653067 0.23242630385487528 0.29930644132653067 0.2891156462585034 0.26781728316326536 0.2891156462585034
0 0.30847417091836743 0.42587868480725627 0.3327885841836735 0.42587868480725627 0.3327885841836735 0.48965419501133783 0.30847417091836743 0.48965419501133783
0 0.3272082270408164 0.5045351473922902 0.36029177295918374 0.5045351473922902 0.36029177295918374 0.5548469387755102 0.3272082270408164 0.5548469387755102
0 0.18530771683673472 0.6072845804988662 0.2076291454081633 0.6072845804988662 0.2076291454081633 0.649092970521542 0.18530771683673472 0.649092970521542
0 0.16497927295918371 0.6866496598639457 0.17932876275510207 0.6866496598639457 0.17932876275510207 0.7199546485260772 0.16497927295918371 0.7199546485260772
0 0.24310427295918374 0.8616780045351474 0.2670200892857143 0.8616780045351474 0.2670200892857143 0.9105725623582767 0.24310427295918374 0.9105725623582767
0 0.410514987244898 0.8234126984126985 0.432437818877551 0.8234126984126985 0.432437818877551 0.8701814058956916 0.410514987244898 0.8701814058956916
0 0.4942203443877551 0.8616780045351474 0.5161431760204083 0.8616780045351474 0.5161431760204083 0.9204931972789117 0.4942203443877551 0.9204931972789117
0 0.8489716198979593 0.9056122448979592 0.8848453443877553 0.9056122448979592 0.8848453443877553 0.9502551020408163 0.8489716198979593 0.9502551020408163
0 0.8932158801020409 0.6646825396825397 0.9179288903061226 0.6646825396825397 0.9179288903061226 0.6958616780045351 0.8932158801020409 0.6958616780045351
0 0.8796635841836735 0.4570578231292517 0.9107541454081634 0.4570578231292517 0.9107541454081634 0.5109126984126985 0.8796635841836735 0.5109126984126985
0 0.7943638392857143 0.36281179138321995 0.8174824617346941 0.36281179138321995 0.8174824617346941 0.4124149659863946 0.7943638392857143 0.4124149659863946
0 0.701889349489796 0.20904195011337867 0.726203762755102 0.20904195011337867 0.726203762755102 0.23738662131519273 0.701889349489796 0.23738662131519273
0 0.6963089923469388 0.17715419501133786 0.7166374362244898 0.17715419501133786 0.7166374362244898 0.20904195011337867 0.6963089923469388 0.20904195011337867
0 0.2068319515306123 0.31179138321995464 0.23513233418367352 0.31179138321995464 0.23513233418367352 0.3373015873015873 0.2068319515306123 0.3373015873015873
0 0.29930644132653067 0.8340419501133787 0.3284040178571429 0.8340419501133787 0.3284040178571429 0.8822278911564627 0.29930644132653067 0.8822278911564627
0 0.3630819515306123 0.5272108843537414 0.3905851403061225 0.5272108843537414 0.3905851403061225 0.5711451247165533 0.3630819515306123 0.5711451247165533
0 0.13867187500000006 0.8071145124716553 0.16338488520408168 0.8071145124716553 0.16338488520408168 0.8496315192743765 0.13867187500000006 0.8496315192743765
0 0.5719467474489796 0.002834467120181406 0.6002471301020409 0.002834467120181406 0.6002471301020409 0.043225623582766444 0.5719467474489796 0.043225623582766444
0 0.5823102678571429 0.12329931972789117 0.6018415178571429 0.12329931972789117 0.6018415178571429 0.1580215419501134 0.5823102678571429 0.1580215419501134
