0 0.30489751344086025 0.42488052568697726 0.34017977150537637 0.42488052568697726 0.34017977150537637 0.48163082437275984 0.30489751344086025 0.48163082437275984
0 0.27045530913978494 0.23222819593787333 0.3032174059139785 0.23222819593787333 0.3032174059139785 0.2859916367980884 0.27045530913978494 0.2859916367980884
0 0.33177923387096775 0.5144862604540024 0.3658014112903226 0.5144862604540024 0.3658014112903226 0.5540621266427718 0.33177923387096775 0.5540621266427718
0 0.18644993279569894 0.6108124253285543 0.2133316532258065 0.6108124253285543 0.2133316532258065 0.6563620071684587 0.18644993279569894 0.6563620071684587
0 0.2473538306451613 0.8676821983273596 0.2725554435483871 0.8676821983273596 0.2725554435483871 0.913231780167264 0.2473538306451613 0.913231780167264
0 0.4149445564516129 0.8303464755077659 0.4439264112903226 0.8303464755077659 0.4439264112903226 0.8781362007168458 0.4149445564516129 0.8781362007168458
0 0.4968497983870968 0.8684289127837514 0.5270917338709677 0.8684289127837514 0.5270917338709677 0.9296594982078853 0.4968497983870968 0.9296594982078853
0 0.894615255376344 0.4532556750298685 0.9303175403225806 0.4532556750298685 0.9303175403225806 0.5152329749103942 0.894615255376344 0.5152329749103942
0 0.8139700940860216 0.35543608124253284 0.840851814516129 0.35543608124253284 0.840851814516129 0.41143966547192357 0.8139700940860216 0.41143966547192357
0 0.8694136424731183 0.913231780167264 0.9030157930107526 0.913231780167264 0.9030157930107526 0.9677419354838709 0.8694136424731183 0.9677419354838709
0 0.7064432123655914 0.16651732377538828 0.7282846102150538 0.16651732377538828 0.7282846102150538 0.1956391875746714 0.7064432123655914 0.1956391875746714
0 0.7093834005376344 0.1993727598566308 0.7345850134408602 0.1993727598566308 0.7345850134408602 0.23148148148148145 0.7093834005376344 0.23148148148148145
0 0.5879956317204301 0.11424731182795698 0.6110971102150538 0.11424731182795698 0.6110971102150538 0.1538231780167264 0.5879956317204301 0.1538231780167264
0 0.5821152553763441 0.0037335722819593787 0.6060567876344086 0.0037335722819593787 0.6060567876344086 0.034348864994026285 0.5821152553763441 0.034348864994026285
0 0.3641213037634409 0.5309139784946236 0.3926831317204301 0.5309139784946236 0.3926831317204301 0.5779569892473119 0.3641213037634409 0.5779569892473119
0 0.13688676075268819 0.8116786140979689 0.16376848118279572 0.8116786140979689 0.16376848118279572 0.8632019115890084 0.13688676075268819 0.8632019115890084
0 0.91171875 0.6643518518518519 0.9408854166666666 0.6643518518518519 0.9408854166666666 0.7097222222222223 0.91171875 0.7097222222222223
0 0.9127604166666666 0.5995370370370371 0.9361979166666666 0.5995370370370371 0.9361979166666666 0.6467592592592593 0.9127604166666666 0.6467592592592593
