0 0.28440241228070173 0.3933966861598441 0.31798245614035087 0.3933966861598441 0.31798245614035087 0.46101364522417154 0.28440241228070173 0.46101364522417154
0 0.24876644736842102 0.18993664717348932 0.27720668859649117 0.18993664717348932 0.27720668859649117 0.23440545808966862 0.24876644736842102 0.23440545808966862
0 0.18880208333333331 0.26973684210526316 0.22203947368421048 0.26973684210526316 0.22203947368421048 0.3111598440545809 0.18880208333333331 0.3111598440545809
0 0.31489857456140347 0.47746101364522414 0.3460800438596491 0.47746101364522414 0.3460800438596491 0.5316764132553605 0.31489857456140347 0.5316764132553605
0 0.34950657894736836 0.5073099415204678 0.37554824561403505 0.5073099415204678 0.37554824561403505 0.5493421052631579 0.34950657894736836 0.5493421052631579
0 0.22408536585365857 0.8631436314363145 0.2545731707317073 0.8631436314363145 0.2545731707317073 0.915989159891599 0.22408536585365857 0.915989159891599
0 0.28696646341463417 0.8468834688346885 0.3117378048780488 0.8468834688346885 0.3117378048780488 0.894308943089431 0.28696646341463417 0.894308943089431
0 0.49123475609756106 0.8753387533875339 0.5201981707317074 0.8753387533875339 0.5201981707317074 0.9261517615176152 0.49123475609756106 0.9261517615176152
0 0.404344512195122 0.8252032520325204 0.4317835365853659 0.8252032520325204 0.4317835365853659 0.8705962059620597 0.404344512195122 0.8705962059620597
0 0.8818597560975612 0.9031165311653117 0.9142530487804879 0.9031165311653117 0.9142530487804879 0.970189701897019 0.8818597560975612 0.970189701897019
0 0.8304115853658537 0.3163956639566395 0.8494664634146343 0.3163956639566395 0.8494664634146343 0.3685636856368563 0.8304115853658537 0.3685636856368563
0 0.7172256097560976 0.1612466124661246 0.739329268292683 0.1612466124661246 0.739329268292683 0.19715447154471538 0.7172256097560976 0.19715447154471538
0 0.7096036585365855 0.1280487804878048 0.7343750000000001 0.1280487804878048 0.7343750000000001 0.1612466124661246 0.7096036585365855 0.1612466124661246
0 0.5914634146341464 0.06842818428184275 0.6093750000000001 0.06842818428184275 0.6093750000000001 0.11111111111111104 0.5914634146341464 0.11111111111111104
0 0.17263719512195125 0.5975609756097561 0.194359756097561 0.5975609756097561 0.194359756097561 0.6375338753387534 0.17263719512195125 0.6375338753387534
0 0.13795731707317074 0.6734417344173441 0.1520579268292683 0.6734417344173441 0.1520579268292683 0.7215447154471545 0.13795731707317074 0.7215447154471545
0 0.11623475609756098 0.8123306233062331 0.14367378048780488 0.8123306233062331 0.14367378048780488 0.8502710027100272 0.11623475609756098 0.8502710027100272
