0 0.23460477941176466 0.32312091503267976 0.2732077205882353 0.32312091503267976 0.2732077205882353 0.3966503267973856 0.23460477941176466 0.3966503267973856
0 0.2732077205882353 0.41544117647058826 0.30491727941176466 0.41544117647058826 0.30491727941176466 0.47017973856209144 0.2732077205882353 0.47017973856209144
0 0.19921875000000003 0.0959967320261438 0.2258731617647059 0.0959967320261438 0.2258731617647059 0.14419934640522877 0.19921875000000003 0.14419934640522877
0 0.14866727941176472 0.21037581699346405 0.17991727941176472 0.21037581699346405 0.17991727941176472 0.24877450980392157 0.14866727941176472 0.24877450980392157
0 0.07192095588235295 0.7700163398692812 0.10317095588235295 0.7700163398692812 0.10317095588235295 0.8190359477124184 0.07192095588235295 0.8190359477124184
0 0.24885110294117646 0.7994281045751634 0.2782628676470588 0.7994281045751634 0.2782628676470588 0.8656045751633987 0.24885110294117646 0.8656045751633987
0 0.1831341911764706 0.8394607843137256 0.20703125 0.8394607843137256 0.20703125 0.8876633986928104 0.1831341911764706 0.8876633986928104
0 0.1413143382352941 0.5551470588235294 0.1638327205882353 0.5551470588235294 0.1638327205882353 0.6008986928104575 0.1413143382352941 0.6008986928104575
0 0.8848805147058825 0.8819444444444444 0.94140625 0.8819444444444444 0.94140625 0.9334150326797387 0.8848805147058825 0.9334150326797387
0 0.9395680147058825 0.6000816993464052 0.9708180147058825 0.6000816993464052 0.9708180147058825 0.6441993464052287 0.9395680147058825 0.6441993464052287
0 0.9381893382352942 0.5216503267973855 0.9698988970588236 0.5216503267973855 0.9698988970588236 0.5714869281045751 0.9381893382352942 0.5714869281045751
0 0.9239430147058825 0.34681372549019607 0.9634650735294118 0.34681372549019607 0.9634650735294118 0.4203431372549019 0.9239430147058825 0.4203431372549019
0 0.7033547794117647 0.04452614379084967 0.7318474264705882 0.04452614379084967 0.7318474264705882 0.0812908496732026 0.7033547794117647 0.0812908496732026
0 0.7139246323529412 0.08700980392156862 0.7359834558823529 0.08700980392156862 0.7359834558823529 0.11968954248366015 0.7139246323529412 0.11968954248366015
0 0.8375459558823529 0.2201797385620915 0.8619025735294118 0.2201797385620915 0.8619025735294118 0.27818627450980393 0.8375459558823529 0.27818627450980393
0 0.4616268382352941 0.8353758169934641 0.48552389705882354 0.8353758169934641 0.48552389705882354 0.8991013071895425 0.4616268382352941 0.8991013071895425
0 0.31456801470588236 0.44648692810457513 0.3430606617647059 0.44648692810457513 0.3430606617647059 0.4897875816993464 0.31456801470588236 0.4897875816993464
