0 0.17486213235294118 0.19240196078431374 0.21254595588235295 0.19240196078431374 0.21254595588235295 0.29044117647058826 0.17486213235294118 0.29044117647058826
0 0.21852022058823528 0.3157679738562092 0.2552849264705882 0.3157679738562092 0.2552849264705882 0.38031045751633985 0.21852022058823528 0.38031045751633985
0 0.2589613970588235 0.3451797385620915 0.2943474264705882 0.3451797385620915 0.2943474264705882 0.3958333333333333 0.2589613970588235 0.3958333333333333
0 0.00942095588235294 0.7095588235294117 0.04848345588235294 0.7095588235294117 0.04848345588235294 0.7691993464052288 0.00942095588235294 0.7691993464052288
0 0.13396139705882354 0.7806372549019609 0.1569393382352941 0.7806372549019609 0.1569393382352941 0.8345588235294118 0.13396139705882354 0.8345588235294118
0 0.19646139705882354 0.7471405228758171 0.23092830882352938 0.7471405228758171 0.23092830882352938 0.7961601307189543 0.19646139705882354 0.7961601307189543
0 0.4303768382352941 0.7691993464052288 0.46852022058823534 0.7691993464052288 0.46852022058823534 0.8402777777777778 0.4303768382352941 0.8402777777777778
0 0.41842830882352944 0.8590686274509806 0.44875919117647056 0.8590686274509806 0.44875919117647056 0.9178921568627453 0.41842830882352944 0.9178921568627453
0 0.9005055147058825 0.8059640522875818 0.9579503676470589 0.8059640522875818 0.9579503676470589 0.8656045751633987 0.9005055147058825 0.8656045751633987
0 0.8440774700598803 0.048819028609447715 0.8824382485029941 0.048819028609447715 0.8824382485029941 0.1170159680638722 0.8440774700598803 0.1170159680638722
0 0.9418506736526947 0.22097471723220222 0.9764689371257486 0.22097471723220222 0.9764689371257486 0.3016467065868263 0.9418506736526947 0.3016467065868263
0 0.9568207335329342 0.4954258150365934 0.9848895958083833 0.4954258150365934 0.9848895958083833 0.5478210246174318 0.9568207335329342 0.5478210246174318
0 0.03038194444444444 0.5632716049382716 0.05859375 0.5632716049382716 0.05859375 0.6149691358024691 0.03038194444444444 0.6149691358024691
