0 0.2938878676470588 0.23651960784313728 0.34581801470588236 0.23651960784313728 0.34581801470588236 0.3582516339869281 0.2938878676470588 0.3582516339869281
0 0.09122242647058823 0.1090686274509804 0.14866727941176472 0.1090686274509804 0.14866727941176472 0.1629901960784314 0.09122242647058823 0.1629901960784314
0 0.04067095588235294 0.7095588235294117 0.07559742647058823 0.7095588235294117 0.07559742647058823 0.7675653594771243 0.04067095588235294 0.7675653594771243
0 0.08249080882352941 0.579656862745098 0.11282169117647059 0.579656862745098 0.11282169117647059 0.641748366013072 0.08249080882352941 0.641748366013072
0 0.012178308823529412 0.8933823529411765 0.04159007352941177 0.8933823529411765 0.04159007352941177 0.9718137254901962 0.012178308823529412 0.9718137254901962
0 0.33984375 0.3958333333333333 0.38855698529411764 0.3958333333333333 0.38855698529411764 0.48080065359477125 0.33984375 0.48080065359477125
0 0.3913143382352941 0.43504901960784315 0.43359375 0.43504901960784315 0.43359375 0.5069444444444444 0.3913143382352941 0.5069444444444444
0 0.48092830882352944 0.5935457516339869 0.5305606617647058 0.5935457516339869 0.5305606617647058 0.6695261437908496 0.48092830882352944 0.6695261437908496
0 0.5971966911764706 0.43913398692810457 0.6408547794117647 0.43913398692810457 0.6408547794117647 0.5151143790849673 0.5971966911764706 0.5151143790849673
0 0.47679227941176466 0.9064542483660132 0.5130974264705882 0.9064542483660132 0.5130974264705882 0.9824346405228759 0.47679227941176466 0.9824346405228759
0 0.2277113970588235 0.6115196078431373 0.2571231617647059 0.6115196078431373 0.2571231617647059 0.6719771241830065 0.2277113970588235 0.6719771241830065
