0 0.15728371501272267 0.4689885496183206 0.2161259541984733 0.4689885496183206 0.2161259541984733 0.5029818702290076 0.15728371501272267 0.5029818702290076
0 0.3221480067854114 0.5667938931297709 0.3672073791348601 0.5667938931297709 0.3672073791348601 0.595718034351145 0.3221480067854114 0.595718034351145
0 0.49019296013570823 0.4266459923664122 0.538432994062765 0.4266459923664122 0.538432994062765 0.4543773854961832 0.49019296013570823 0.4543773854961832
0 0.5617578456318915 0.31780772900763365 0.6073473282442748 0.31780772900763365 0.6073473282442748 0.33897900763358785 0.5617578456318915 0.33897900763358785
0 0.08677905004240884 0.42813692748091603 0.13077820186598813 0.42813692748091603 0.13077820186598813 0.4516937022900763 0.08677905004240884 0.4516937022900763
0 0.7478265479219679 0.5047709923664122 0.7912955894826125 0.5047709923664122 0.7912955894826125 0.5235567748091603 0.7478265479219679 0.5235567748091603
0 0.684213316369805 0.5569537213740458 0.7213210347752332 0.5569537213740458 0.7213210347752332 0.5817032442748091 0.684213316369805 0.5817032442748091
0 0.8182624113475178 0.4707446808510638 0.8448581560283688 0.4707446808510638 0.8448581560283688 0.4900265957446808 0.8182624113475178 0.4900265957446808
0 0.325946567586695 0.3799263535031847 0.3692940552016985 0.3799263535031847 0.3692940552016985 0.40182125796178336 0.325946567586695 0.40182125796178336
0 0.7397323065639898 0.39887582508250824 0.7731939860652731 0.39887582508250824 0.7731939860652731 0.41640882838283827 0.7397323065639898 0.41640882838283827
