0 0.6638888888888889 0.19263392857142858 0.6948412698412698 0.19263392857142858 0.6948412698412698 0.21450892857142856 0.6638888888888889 0.21450892857142856
0 0.7273809523809524 0.17678571428571427 0.7583333333333333 0.17678571428571427 0.7583333333333333 0.2017857142857143 0.7273809523809524 0.2017857142857143
0 0.6388888888888888 0.29665178571428574 0.6869047619047619 0.29665178571428574 0.6869047619047619 0.3189732142857143 0.6388888888888888 0.3189732142857143
0 0.6527777777777778 0.43616071428571435 0.694047619047619 0.43616071428571435 0.694047619047619 0.4638392857142857 0.6527777777777778 0.4638392857142857
0 0.41865079365079366 0.5 0.4714285714285715 0.5 0.4714285714285715 0.5243303571428571 0.41865079365079366 0.5243303571428571
0 0.5492063492063493 0.6511160714285714 0.5825396825396826 0.6511160714285714 0.5825396825396826 0.678125 0.5492063492063493 0.678125
0 0.8055555555555556 0.8109375 0.8503968253968255 0.8109375 0.8503968253968255 0.8319196428571429 0.8055555555555556 0.8319196428571429
0 0.21984126984126984 0.5832589285714286 0.25912698412698415 0.5832589285714286 0.25912698412698415 0.6075892857142857 0.21984126984126984 0.6075892857142857
0 0.01585198272477428 0.6183745583038869 0.062475461327051465 0.6183745583038869 0.062475461327051465 0.6545384275618374 0.01585198272477428 0.6545384275618374
0 0.044815564552406664 0.48956224696356276 0.10329509671614938 0.48956224696356276 0.10329509671614938 0.5259362348178137 0.044815564552406664 0.5259362348178137
0 0.5652850115740741 0.39998372395833337 0.6151982060185185 0.39998372395833337 0.6151982060185185 0.419921875 0.5652850115740741 0.419921875
