0 0.8840648854961832 0.2760615458015268 0.9492684478371501 0.2760615458015268 0.9492684478371501 0.298425572519084 0.8840648854961832 0.298425572519084
0 0.923823155216285 0.23073711832061075 0.9704728583545378 0.23073711832061075 0.9704728583545378 0.2507156488549619 0.923823155216285 0.2507156488549619
0 0.3221480067854114 0.47435591603053434 0.3852311280746395 0.47435591603053434 0.3852311280746395 0.5265386450381679 0.3221480067854114 0.5265386450381679
0 0.09685114503816797 0.432013358778626 0.16947625106022055 0.432013358778626 0.16947625106022055 0.4794250954198473 0.09685114503816797 0.4794250954198473
0 0.12388676844783716 0.6428315839694656 0.17530746395250213 0.6428315839694656 0.17530746395250213 0.677719465648855 0.12388676844783716 0.677719465648855
0 0.6598282442748092 0.6708611641221374 0.7112489397794742 0.6708611641221374 0.7112489397794742 0.6991889312977099 0.6598282442748092 0.6991889312977099
0 0.9471480067854113 0.8399332061068703 0.9969783715012722 0.8399332061068703 0.9969783715012722 0.8673664122137404 0.9471480067854113 0.8673664122137404
0 0.6794423240033928 0.5211712786259542 0.7329834605597965 0.5211712786259542 0.7329834605597965 0.5477099236641221 0.6794423240033928 0.5477099236641221
0 0.8162107718405429 0.438275286259542 0.8718723494486854 0.438275286259542 0.8718723494486854 0.46630486641221375 0.8162107718405429 0.46630486641221375
0 0.7292726887192538 0.39414360687022904 0.774862171331637 0.39414360687022904 0.774862171331637 0.42008587786259544 0.7292726887192538 0.42008587786259544
0 0.8246925360474978 0.17915076335877866 0.8564991518235794 0.17915076335877866 0.8564991518235794 0.2009184160305344 0.8246925360474978 0.2009184160305344
0 0.5638782866836303 0.5044728053435115 0.6312022900763359 0.5044728053435115 0.6312022900763359 0.5354842557251909 0.5638782866836303 0.5354842557251909
