0 0.1326869322152341 0.019654088050314465 0.1759259259259259 0.019654088050314465 0.1759259259259259 0.048398191823899366 0.1326869322152341 0.048398191823899366
0 0.3375262054507337 0.6557095125786163 0.39517819706498947 0.6557095125786163 0.39517819706498947 0.6932979559748428 0.3375262054507337 0.6932979559748428
0 0.5823135198135198 0.4258358828671328 0.6619560994560995 0.4258358828671328 0.6619560994560995 0.46981534090909083 0.5823135198135198 0.46981534090909083
0 0.8061868686868687 0.47391280594405594 0.8732031857031858 0.47391280594405594 0.8732031857031858 0.521170236013986 0.8061868686868687 0.521170236013986
0 0.851350038850039 0.6820640297202797 0.8989413364413364 0.6820640297202797 0.8989413364413364 0.7088341346153846 0.851350038850039 0.7088341346153846
0 0.5502622377622377 0.601753715034965 0.6007672882672882 0.601753715034965 0.6007672882672882 0.6358992569930069 0.5502622377622377 0.6358992569930069
0 0.5327797202797202 0.38813920454545453 0.5900835275835276 0.38813920454545453 0.5900835275835276 0.4282943618881118 0.5327797202797202 0.4282943618881118
0 0.5818278943278943 0.46080091783216776 0.6532148407148407 0.46080091783216776 0.6532148407148407 0.4919416520979021 0.5818278943278943 0.4919416520979021
0 0.7819055944055945 0.5107899912587412 0.8260975135975136 0.5107899912587412 0.8260975135975136 0.5405649038461539 0.7819055944055945 0.5405649038461539
0 0.9431332556332557 0.39551464160839156 0.9921814296814297 0.39551464160839156 0.9921814296814297 0.42173841783216776 0.9431332556332557 0.42173841783216776
