0 0.5283608990670059 0.313633110687023 0.582962256149279 0.313633110687023 0.582962256149279 0.3351025763358779 0.5283608990670059 0.3351025763358779
0 0.49019296013570823 0.4233659351145039 0.5421437659033079 0.4233659351145039 0.5421437659033079 0.45199188931297707 0.49019296013570823 0.45199188931297707
0 0.30306403731976256 0.5682848282442748 0.35766539440203565 0.5682848282442748 0.35766539440203565 0.5963144083969466 0.30306403731976256 0.5963144083969466
0 0.12335665818490248 0.4713740458015267 0.18537955894826127 0.4713740458015267 0.18537955894826127 0.5053673664122138 0.12335665818490248 0.5053673664122138
0 0.30306403731976256 0.375357824427481 0.3422921967769296 0.375357824427481 0.3422921967769296 0.4013000954198473 0.30306403731976256 0.4013000954198473
0 0.7186704834605598 0.5 0.7637298558100085 0.5 0.7637298558100085 0.5184875954198473 0.7186704834605598 0.5184875954198473
0 0.8003074639525022 0.4624284351145039 0.8331743002544529 0.4624284351145039 0.8331743002544529 0.4794250954198473 0.8003074639525022 0.4794250954198473
0 0.05070281124497996 0.4314131526104418 0.08919009370816601 0.4314131526104418 0.08919009370816601 0.45368975903614456 0.05070281124497996 0.45368975903614456
0 0.660921463632307 0.553777610441767 0.695504239178938 0.553777610441767 0.695504239178938 0.5782505020080321 0.660921463632307 0.5782505020080321
0 0.7005243195002231 0.39282128514056225 0.7306448014279339 0.39282128514056225 0.7306448014279339 0.40945030120481923 0.7005243195002231 0.40945030120481923
