0 0.16299019607843135 0.27836134453781514 0.20033846872082164 0.27836134453781514 0.20033846872082164 0.2934611344537815 0.16299019607843135 0.2934611344537815
0 0.562733426704015 0.3259585084033614 0.6123366013071896 0.3259585084033614 0.6123366013071896 0.34434086134453784 0.562733426704015 0.34434086134453784
0 0.17174369747899157 0.49008665966386555 0.23301820728291314 0.49008665966386555 0.23301820728291314 0.5288209033613446 0.17174369747899157 0.5288209033613446
0 0.3538165266106442 0.5944721638655462 0.39933473389355734 0.5944721638655462 0.39933473389355734 0.6190913865546219 0.3538165266106442 0.6190913865546219
0 0.527719421101774 0.43756565126050423 0.5767390289449112 0.43756565126050423 0.5767390289449112 0.4634978991596639 0.527719421101774 0.4634978991596639
0 0.680030345471522 0.5718224789915967 0.7185457516339869 0.5718224789915967 0.7185457516339869 0.5921743697478992 0.680030345471522 0.5921743697478992
0 0.7448062558356676 0.5101102941176471 0.7874066293183941 0.5101102941176471 0.7874066293183941 0.5334164915966386 0.7448062558356676 0.5334164915966386
0 0.3310574229691876 0.38799894957983194 0.37190709617180207 0.38799894957983194 0.37190709617180207 0.41261817226890757 0.3310574229691876 0.41261817226890757
0 0.7144607843137256 0.4014574579831933 0.7453898225957051 0.4014574579831933 0.7453898225957051 0.42115283613445376 0.7144607843137256 0.42115283613445376
0 0.8333333333333334 0.47693452380952384 0.857583774250441 0.47693452380952384 0.857583774250441 0.4928075396825397 0.8333333333333334 0.4928075396825397
0 0.1283068783068783 0.4501488095238096 0.1649029982363316 0.4501488095238096 0.1649029982363316 0.4717261904761905 0.1283068783068783 0.4717261904761905
