0 0.5853037293348712 0.3122296712802768 0.6328815840061515 0.3122296712802768 0.6328815840061515 0.33304498269896193 0.5853037293348712 0.33304498269896193
0 0.33636101499423304 0.38224480968858127 0.3757689350249905 0.38224480968858127 0.3757689350249905 0.41198096885813146 0.33636101499423304 0.41198096885813146
0 0.17007881584006154 0.4865916955017301 0.24985582468281436 0.4865916955017301 0.24985582468281436 0.5279519896193772 0.17007881584006154 0.5279519896193772
0 0.1210592079969243 0.4484753460207612 0.1590253748558247 0.4484753460207612 0.1590253748558247 0.4698313148788927 0.1210592079969243 0.4698313148788927
0 0.5540657439446367 0.4333369377162629 0.60500768935025 0.4333369377162629 0.60500768935025 0.45577422145328716 0.5540657439446367 0.45577422145328716
0 0.7116974240676662 0.5760705017301038 0.7467800845828527 0.5760705017301038 0.7467800845828527 0.5966154844290658 0.7116974240676662 0.5966154844290658
0 0.3618319876970396 0.5993187716262975 0.4180603613994618 0.5993187716262975 0.4180603613994618 0.63094723183391 0.3618319876970396 0.63094723183391
0 0.923635140330642 0.4625324394463668 0.9587178008458284 0.4625324394463668 0.9587178008458284 0.4771301903114186 0.923635140330642 0.4771301903114186
0 0.8746155324875048 0.4787521626297577 0.8986447520184544 0.4787521626297577 0.8986447520184544 0.493890570934256 0.8746155324875048 0.493890570934256
0 0.7799404075355632 0.5160575259515571 0.8193483275663206 0.5160575259515571 0.8193483275663206 0.533628892733564 0.7799404075355632 0.533628892733564
0 0.7353395061728395 0.3999732905982906 0.7727326685660021 0.3999732905982906 0.7727326685660021 0.42033920940170943 0.7353395061728395 0.42033920940170943
