0 0.31976869865974916 0.39330009727626464 0.3727302204928664 0.39330009727626464 0.3727302204928664 0.4255228599221789 0.31976869865974916 0.4255228599221789
0 0.09765456117596191 0.5130714980544747 0.18574362300043232 0.5130714980544747 0.18574362300043232 0.5623176070038911 0.09765456117596191 0.5623176070038911
0 0.33327929096411585 0.641658560311284 0.3997514051015997 0.641658560311284 0.3997514051015997 0.6808730544747081 0.33327929096411585 0.6808730544747081
0 0.5797124945957631 0.4483219844357976 0.6418612191958496 0.4483219844357976 0.6418612191958496 0.480544747081712 0.5797124945957631 0.480544747081712
0 0.6132187635105923 0.3133511673151751 0.6683419801124082 0.3133511673151751 0.6683419801124082 0.34101410505836577 0.6132187635105923 0.34101410505836577
0 0.829928664072633 0.5422543774319066 0.8677583225248595 0.5422543774319066 0.8677583225248595 0.5653574902723736 0.829928664072633 0.5653574902723736
0 0.7412991785559879 0.6097397859922179 0.7850734976221357 0.6097397859922179 0.7850734976221357 0.6380107003891051 0.7412991785559879 0.6380107003891051
0 0.7812905317769131 0.41609922178988323 0.8212818849978384 0.41609922178988323 0.8212818849978384 0.43829036964980544 0.7812905317769131 0.43829036964980544
0 -9.86864910777917e-18 0.4577456225680933 0.04469303934284475 0.4577456225680933 0.04469303934284475 0.48610101744186035 -9.86864910777917e-18 0.48610101744186035
0 0.9288261997405967 0.5057757782101168 0.965575010808474 0.5057757782101168 0.965575010808474 0.5240150778210116 0.9288261997405967 0.5240150778210116
