0 0.6843116701607267 0.28670400943396224 0.7402166317260657 0.28670400943396224 0.7402166317260657 0.3125 0.6843116701607267 0.3125
0 0.38251222921034234 0.3685141509433962 0.4379804332634521 0.3685141509433962 0.4379804332634521 0.40315448113207547 0.38251222921034234 0.40315448113207547
0 0.6650943396226414 0.42649371069182385 0.7354122990915444 0.42649371069182385 0.7354122990915444 0.4628537735849056 0.6650943396226414 0.4628537735849056
0 0.14928371767994406 0.504127358490566 0.23052061495457718 0.504127358490566 0.23052061495457718 0.5559650157232704 0.14928371767994406 0.5559650157232704
0 0.037037037037037014 0.44221698113207547 0.09294199860237594 0.44221698113207547 0.09294199860237594 0.47194378930817604 0.037037037037037014 0.47194378930817604
0 0.38906359189378054 0.6394948899371069 0.45894479385045417 0.6394948899371069 0.45894479385045417 0.6832252358490566 0.38906359189378054 0.6832252358490566
0 0.8197064989517819 0.6048545597484276 0.8563941299790356 0.6048545597484276 0.8563941299790356 0.6313875786163521 0.8197064989517819 0.6313875786163521
0 0.2883118625872249 0.1867451690821256 0.32856951154052605 0.1867451690821256 0.32856951154052605 0.20939009661835745 0.2883118625872249 0.20939009661835745
0 0.850577026301664 0.4007397342995169 0.8881508319914119 0.4007397342995169 0.8881508319914119 0.419987922705314 0.850577026301664 0.419987922705314
0 0.8982152442297371 0.536231884057971 0.9418276972624801 0.536231884057971 0.9418276972624801 0.5577445652173914 0.8982152442297371 0.5577445652173914
