0 0.49387254901960786 0.22649684873949583 0.5399743230625584 0.22649684873949583 0.5399743230625584 0.2540703781512605 0.49387254901960786 0.2540703781512605
0 0.3742413632119514 0.35681460084033617 0.433765172735761 0.35681460084033617 0.433765172735761 0.3843881302521009 0.3742413632119514 0.3843881302521009
0 0.1011321195144724 0.4779411764705882 0.17524509803921567 0.4779411764705882 0.17524509803921567 0.5225840336134454 0.1011321195144724 0.5225840336134454
0 0.3911647992530345 0.6171218487394958 0.4571078431372549 0.6171218487394958 0.4571078431372549 0.6522452731092437 0.3911647992530345 0.6522452731092437
0 0.6065009337068161 0.4339548319327731 0.6736111111111112 0.4339548319327731 0.6736111111111112 0.4703912815126051 0.6065009337068161 0.4703912815126051
0 0.48920401493930904 0.4385504201680672 0.5388071895424835 0.4385504201680672 0.5388071895424835 0.469734768907563 0.48920401493930904 0.469734768907563
0 0.8743580765639589 0.2773765756302521 0.9367997198879552 0.2773765756302521 0.9367997198879552 0.3092174369747899 0.8743580765639589 0.3092174369747899
0 0.6805555555555556 0.0671875 0.7130952380952381 0.0671875 0.7130952380952381 0.08794642857142856 0.6805555555555556 0.08794642857142856
0 0.7138888888888889 0.13214285714285715 0.7400793650793651 0.13214285714285715 0.7400793650793651 0.15066964285714285 0.7138888888888889 0.15066964285714285
0 0.11348684210526319 0.002055921052631579 0.16831140350877194 0.002055921052631579 0.16831140350877194 0.02912554824561403 0.11348684210526319 0.02912554824561403
0 0.09399366471734895 0.2114172149122807 0.15003654970760238 0.2114172149122807 0.15003654970760238 0.2357456140350877 0.09399366471734895 0.2357456140350877
0 0.9656339031339032 0.06731985462454224 0.9986111111111111 0.06731985462454224 0.9986111111111111 0.09415064102564104 0.9656339031339032 0.09415064102564104
