0 0.19704198473282447 0.4713740458015267 0.26542620865139954 0.4713740458015267 0.26542620865139954 0.505069179389313 0.19704198473282447 0.505069179389313
0 0.8506679389312977 0.5486044847328244 0.9280640373197626 0.5486044847328244 0.9280640373197626 0.5939289122137404 0.8506679389312977 0.5939289122137404
0 0.6773218829516541 0.5906488549618321 0.7568384223918575 0.5906488549618321 0.7568384223918575 0.6288167938931297 0.6773218829516541 0.6288167938931297
0 0.4716391009329941 0.5900524809160306 0.5394932145886344 0.5900524809160306 0.5394932145886344 0.6279222328244275 0.4716391009329941 0.6279222328244275
0 0.047020780322307054 0.7069417938931297 0.1048027989821883 0.7069417938931297 0.1048027989821883 0.7379532442748091 0.047020780322307054 0.7379532442748091
0 0.20923452078032231 0.7588263358778626 0.27814885496183206 0.7588263358778626 0.27814885496183206 0.7889432251908397 0.20923452078032231 0.7889432251908397
0 0.5373727735368956 0.8554389312977101 0.6184796437659033 0.8554389312977101 0.6184796437659033 0.9094107824427482 0.5373727735368956 0.9094107824427482
0 0.5564567430025446 0.7826812977099237 0.6349130619168787 0.7826812977099237 0.6349130619168787 0.8235329198473282 0.5564567430025446 0.8235329198473282
0 0.4933736217133164 0.8127981870229009 0.5506255301102629 0.8127981870229009 0.5506255301102629 0.8393368320610687 0.4933736217133164 0.8393368320610687
0 0.14827184054283293 0.3428554389312978 0.1869698897370653 0.3428554389312978 0.1869698897370653 0.3667104007633588 0.14827184054283293 0.3667104007633588
