0 0.03833616780045352 0.4934231505102041 0.10423752834467119 0.4934231505102041 0.10423752834467119 0.532485650510204 0.03833616780045352 0.532485650510204
0 0.5967261904761905 0.5659677933673469 0.672548185941043 0.5659677933673469 0.672548185941043 0.6130022321428572 0.5967261904761905 0.6130022321428572
0 0.8978883219954649 0.4013472576530613 0.9666241496598641 0.4013472576530613 0.9666241496598641 0.430843431122449 0.8978883219954649 0.430843431122449
0 0.4436649659863946 0.6066246811224489 0.5145266439909296 0.6066246811224489 0.5145266439909296 0.644889987244898 0.4436649659863946 0.644889987244898
0 0.3260345804988662 0.8549505739795918 0.3912273242630386 0.8549505739795918 0.3912273242630386 0.9167330994897961 0.3260345804988662 0.9167330994897961
0 0.05038265306122448 0.7752311862244898 0.10707199546485258 0.7752311862244898 0.10707199546485258 0.8075175382653063 0.05038265306122448 0.8075175382653063
0 0.33878968253968256 0.7987484056122449 0.41744614512471656 0.7987484056122449 0.41744614512471656 0.8322305484693878 0.33878968253968256 0.8322305484693878
0 0.26084183673469385 0.8210698341836735 0.3253259637188209 0.8210698341836735 0.3253259637188209 0.8533561862244898 0.26084183673469385 0.8533561862244898
0 0.7030187074829932 0.5544084821428572 0.7703373015873015 0.5544084821428572 0.7703373015873015 0.5854990433673469 0.7030187074829932 0.5854990433673469
0 0.6930980725623583 0.5827088647959184 0.7469529478458049 0.5827088647959184 0.7469529478458049 0.6141980229591837 0.6930980725623583 0.6141980229591837
