0 0.30288461538461536 0.296474358974359 0.33834134615384615 0.296474358974359 0.33834134615384615 0.3488247863247863 0.30288461538461536 0.3488247863247863
0 0.31039663461538464 0.36378205128205127 0.3359375 0.36378205128205127 0.3359375 0.41559829059829057 0.31039663461538464 0.41559829059829057
0 0.22596153846153846 0.5368589743589743 0.25631009615384615 0.5368589743589743 0.25631009615384615 0.5908119658119658 0.22596153846153846 0.5908119658119658
0 0.19981971153846154 0.5518162393162394 0.22265625 0.5518162393162394 0.22265625 0.5998931623931624 0.19981971153846154 0.5998931623931624
0 0.32572115384615385 0.5683760683760684 0.36328125 0.5683760683760684 0.36328125 0.6233974358974359 0.32572115384615385 0.6233974358974359
0 0.3542668269230769 0.7900641025641025 0.3816105769230769 0.7900641025641025 0.3816105769230769 0.8504273504273504 0.3542668269230769 0.8504273504273504
0 0.25991586538461536 0.8306623931623932 0.29056490384615385 0.8306623931623932 0.29056490384615385 0.8888888888888888 0.25991586538461536 0.8888888888888888
0 0.25210336538461536 0.7788461538461537 0.28365384615384615 0.7788461538461537 0.28365384615384615 0.8215811965811965 0.25210336538461536 0.8215811965811965
0 0.22175480769230765 0.7852564102564102 0.24819711538461536 0.7852564102564102 0.24819711538461536 0.8205128205128205 0.22175480769230765 0.8205128205128205
0 0.2902644230769231 0.3392094017094017 0.31400240384615385 0.3392094017094017 0.31400240384615385 0.38782051282051283 0.2902644230769231 0.38782051282051283
0 0.609375 0.37339743589743585 0.6364182692307693 0.37339743589743585 0.6364182692307693 0.4198717948717949 0.609375 0.4198717948717949
0 0.6598557692307693 0.6602564102564102 0.6856971153846153 0.6602564102564102 0.6856971153846153 0.6912393162393162 0.6598557692307693 0.6912393162393162
0 0.4441105769230769 0.8717948717948717 0.4762620192307693 0.8717948717948717 0.4762620192307693 0.9129273504273504 0.4441105769230769 0.9129273504273504
0 0.5628004807692307 0.8653846153846154 0.5886418269230769 0.8653846153846154 0.5886418269230769 0.9006410256410257 0.5628004807692307 0.9006410256410257
0 0.4074519230769231 0.6063034188034189 0.42728365384615385 0.6063034188034189 0.42728365384615385 0.6436965811965811 0.4074519230769231 0.6436965811965811
0 0.38822115384615385 0.6388888888888888 0.41346153846153844 0.6388888888888888 0.41346153846153844 0.6682692307692307 0.38822115384615385 0.6682692307692307
0 0.3058894230769231 0.21955128205128205 0.33143028846153844 0.21955128205128205 0.33143028846153844 0.2692307692307692 0.3058894230769231 0.2692307692307692
0 0.2854567307692307 0.2847222222222222 0.31099759615384615 0.2847222222222222 0.31099759615384615 0.33547008547008544 0.2854567307692307 0.33547008547008544
0 0.24849759615384617 0.673076923076923 0.2824519230769231 0.673076923076923 0.2824519230769231 0.719551282051282 0.24849759615384617 0.719551282051282
