0 0.3894391741071429 0.5121527777777778 0.4185035342261905 0.5121527777777778 0.4185035342261905 0.5518353174603176 0.3894391741071429 0.5518353174603176
0 0.3536318824404762 0.5262070105820106 0.37920851934523814 0.5262070105820106 0.37920851934523814 0.582010582010582 0.3536318824404762 0.582010582010582
0 0.4650065104166667 0.5415013227513228 0.4961635044642857 0.5415013227513228 0.4961635044642857 0.5973048941798942 0.4650065104166667 0.5973048941798942
0 0.5240652901785714 0.7506613756613757 0.5491768973214286 0.7506613756613757 0.5491768973214286 0.7986111111111112 0.5240652901785714 0.7986111111111112
0 0.4080403645833333 0.7845568783068784 0.43129185267857145 0.7845568783068784 0.43129185267857145 0.8366402116402116 0.4080403645833333 0.8366402116402116
0 0.39501953125000006 0.7448743386243387 0.42431640625 0.7448743386243387 0.42431640625 0.775462962962963 0.39501953125000006 0.775462962962963
0 0.4038550967261905 0.636987433862434 0.43408203125 0.636987433862434 0.43408203125 0.6853505291005291 0.4038550967261905 0.6853505291005291
0 0.45781893004115226 0.29080932784636493 0.48932613168724276 0.29080932784636493 0.48932613168724276 0.3473936899862826 0.45781893004115226 0.3473936899862826
0 0.43682582487309646 0.3249788494077835 0.4620082487309645 0.3249788494077835 0.4620082487309645 0.37292019176536945 0.43682582487309646 0.37292019176536945
0 0.42453204314720816 0.2833826847151721 0.45169733502538073 0.2833826847151721 0.45169733502538073 0.3373166948674563 0.42453204314720816 0.3373166948674563
0 0.7360869023904382 0.3491589198760513 0.7644111055776892 0.3491589198760513 0.7644111055776892 0.39065958388667554 0.7360869023904382 0.39065958388667554
0 0.7777950697211155 0.6225099601593626 0.8036292330677289 0.6225099601593626 0.8036292330677289 0.6534971226206285 0.7777950697211155 0.6534971226206285
0 0.5568498883928571 0.5758101851851852 0.5735909598214286 0.5758101851851852 0.5735909598214286 0.6142526455026455 0.5568498883928571 0.6142526455026455
0 0.5370861235119048 0.6109457671957672 0.56103515625 0.6109457671957672 0.56103515625 0.6402943121693122 0.5370861235119048 0.6402943121693122
0 0.6944986979166667 0.8180390211640213 0.7161225818452381 0.8180390211640213 0.7161225818452381 0.8511078042328042 0.6944986979166667 0.8511078042328042
