0 0.5701013513513513 0.6602852852852852 0.5960726351351351 0.6602852852852852 0.5960726351351351 0.7045795795795796 0.5701013513513513 0.7045795795795796
0 0.5863597972972973 0.7042042042042042 0.6097972972972973 0.7042042042042042 0.6097972972972973 0.7394894894894894 0.5863597972972973 0.7394894894894894
0 0.7554898648648648 0.6993243243243243 0.7861064189189189 0.6993243243243243 0.7861064189189189 0.7454954954954955 0.7554898648648648 0.7454954954954955
0 0.7818308550185874 0.6066191656340355 0.8056459107806692 0.6066191656340355 0.8056459107806692 0.6567017761255679 0.7818308550185874 0.6567017761255679
0 0.7574349442379182 0.6153965303593556 0.7757318773234201 0.6153965303593556 0.7757318773234201 0.6541201982651796 0.7574349442379182 0.6541201982651796
0 0.4106524249422633 0.369771619194252 0.4364535219399538 0.369771619194252 0.4364535219399538 0.40537593020272006 0.4106524249422633 0.40537593020272006
0 0.442227193995381 0.373941493456505 0.4629763279445728 0.373941493456505 0.4629763279445728 0.39799846035411857 0.442227193995381 0.39799846035411857
0 0.4440314665127021 0.48845265588914544 0.45828521939953804 0.48845265588914544 0.45828521939953804 0.5170002566076469 0.4440314665127021 0.5170002566076469
0 0.43392754041570436 0.45830125737746985 0.4577439376443418 0.45830125737746985 0.4577439376443418 0.4858865794200667 0.43392754041570436 0.4858865794200667
0 0.3958573903002309 0.5975109058249936 0.41227627020785224 0.5975109058249936 0.41227627020785224 0.6289453425712086 0.3958573903002309 0.6289453425712086
0 0.6598081683168318 0.4822951045104511 0.6832069925742574 0.4822951045104511 0.6832069925742574 0.5159859735973598 0.6598081683168318 0.5159859735973598
0 0.839127444987775 0.7212374354794893 0.8607121026894866 0.7212374354794893 0.8607121026894866 0.7599497419179571 0.839127444987775 0.7599497419179571
0 0.9741950757575756 0.699074074074074 0.9964488636363635 0.699074074074074 0.9964488636363635 0.7352693602693603 0.9741950757575756 0.7352693602693603
0 0.49235474006116214 0.42261297995242947 0.50907874617737 0.42261297995242947 0.50907874617737 0.45446822969758754 0.49235474006116214 0.45446822969758754
