0 0.5411305147058824 0.3682598039215686 0.5641084558823529 0.3682598039215686 0.5641084558823529 0.3982162309368191 0.5411305147058824 0.3982162309368191
0 0.5805759803921569 0.3658769063180828 0.6014476102941176 0.3658769063180828 0.6014476102941176 0.38766339869281047 0.5805759803921569 0.38766339869281047
0 0.5564491421568627 0.4863834422657952 0.5752144607843137 0.4863834422657952 0.5752144607843137 0.5115740740740741 0.5564491421568627 0.5115740740740741
0 0.5083869485294118 0.5895288671023965 0.5212162990196079 0.5895288671023965 0.5212162990196079 0.6215277777777778 0.5083869485294118 0.6215277777777778
0 0.6990489130434783 0.6566022544283413 0.7239583333333333 0.6566022544283413 0.7239583333333333 0.7049114331723026 0.6990489130434783 0.7049114331723026
0 0.7164855072463767 0.6996779388083735 0.739356884057971 0.6996779388083735 0.739356884057971 0.7395330112721417 0.7164855072463767 0.7395330112721417
0 0.7807971014492753 0.4859098228663446 0.8041213768115941 0.4859098228663446 0.8041213768115941 0.5233494363929145 0.7807971014492753 0.5233494363929145
0 0.8859767025089604 0.7038530465949822 0.9164986559139784 0.7038530465949822 0.9164986559139784 0.7466646754281162 0.8859767025089604 0.7466646754281162
0 0.9744591346153847 0.7362511870845203 0.99921875 0.7362511870845203 0.99921875 0.7783119658119658 0.9744591346153847 0.7783119658119658
0 0.916593309859155 0.6127249608763693 0.935024207746479 0.6127249608763693 0.935024207746479 0.6582061815336464 0.916593309859155 0.6582061815336464
0 0.8888094190140846 0.61908255086072 0.9119168133802817 0.61908255086072 0.9119168133802817 0.6577171361502347 0.8888094190140846 0.6577171361502347
0 0.5534771126760564 0.44596048513302033 0.5732834507042254 0.44596048513302033 0.5732834507042254 0.48166079812206575 0.5534771126760564 0.48166079812206575
