0 0.22687375498007972 0.33311199645860995 0.253952938247012 0.33311199645860995 0.253952938247012 0.37461266046923414 0.22687375498007972 0.37461266046923414
0 0.3081113047808765 0.3408587870739265 0.32616409362549803 0.3408587870739265 0.32616409362549803 0.37073926516157585 0.3081113047808765 0.37073926516157585
0 0.40864666334661354 0.4133466135458167 0.42732196215139434 0.4133466135458167 0.42732196215139434 0.4504205400619743 0.40864666334661354 0.4504205400619743
0 0.4926855079681275 0.3458388667552014 0.5135395916334661 0.3458388667552014 0.5135395916334661 0.37793271359008407 0.4926855079681275 0.37793271359008407
0 0.06439592050209206 0.34454904695490474 0.0925078451882845 0.34454904695490474 0.0925078451882845 0.36953742445374255 0.06439592050209206 0.36953742445374255
0 0.08695083682008367 0.5560785681078568 0.10819822175732216 0.5560785681078568 0.10819822175732216 0.5955950720595072 0.08695083682008367 0.5955950720595072
0 0.09871861924686191 0.6571943282194329 0.12323483263598325 0.6571943282194329 0.12323483263598325 0.6961297071129707 0.09871861924686191 0.6961297071129707
0 0.6191161087866108 0.7623779637377963 0.6403634937238494 0.7623779637377963 0.6403634937238494 0.7955020920502092 0.6191161087866108 0.7955020920502092
0 0.6361140167364017 0.8048000929800092 0.6567076359832635 0.8048000929800092 0.6567076359832635 0.8443165969316597 0.6361140167364017 0.8443165969316597
0 0.6580151673640167 0.8507089725708972 0.6805700836820083 0.8507089725708972 0.6805700836820083 0.8832519758251974 0.6580151673640167 0.8832519758251974
