0 0.4413284362549801 0.41279327135900834 0.4609375 0.41279327135900834 0.4609375 0.44322709163346613 0.4413284362549801 0.44322709163346613
0 0.5231884960159362 0.33975210270030987 0.5449763446215139 0.33975210270030987 0.5449763446215139 0.37682602921646746 0.5231884960159362 0.37682602921646746
0 0.11436549429657794 0.5591465990705534 0.13694153992395436 0.5591465990705534 0.13694153992395436 0.604034643008027 0.11436549429657794 0.604034643008027
0 0.1277328897338403 0.5058090409801437 0.1479325095057034 0.5058090409801437 0.1479325095057034 0.5380228136882129 0.1277328897338403 0.5380228136882129
0 0.2605156844106464 0.3278411491339248 0.28665636882129275 0.3278411491339248 0.28665636882129275 0.36639205745669623 0.2605156844106464 0.36639205745669623
0 0.3338878326996198 0.3394592310942121 0.3591373574144487 0.3394592310942121 0.3591373574144487 0.36850443599493027 0.3338878326996198 0.36850443599493027
0 0.08254419191919196 0.33763561541339315 0.10279882154882158 0.33763561541339315 0.10279882154882158 0.36943509165731386 0.08254419191919196 0.36943509165731386
0 0.6772040562913907 0.8213760117733628 0.6960885761589404 0.8213760117733628 0.6960885761589404 0.8540286975717439 0.6772040562913907 0.8540286975717439
0 0.6870343543046358 0.8802428256070639 0.7079884105960265 0.8802428256070639 0.7079884105960265 0.9101361295069904 0.6870343543046358 0.9101361295069904
0 0.7056601821192052 0.8577078734363502 0.7258381622516555 0.8577078734363502 0.7258381622516555 0.8931199411331862 0.7056601821192052 0.8931199411331862
