0 0.3073668772563177 0.3294223826714801 0.33416064981949456 0.3294223826714801 0.33416064981949456 0.3710389089450461 0.3073668772563177 0.3710389089450461
0 0.33951940433212996 0.2807862013638187 0.36574909747292417 0.2807862013638187 0.36574909747292417 0.31438026474127556 0.33951940433212996 0.31438026474127556
0 0.37674864620938625 0.3419574809466506 0.3967734657039711 0.3419574809466506 0.3967734657039711 0.37705575611712794 0.37674864620938625 0.37705575611712794
0 0.4822314981949458 0.415663858804653 0.5067689530685919 0.415663858804653 0.5067689530685919 0.45176494183714405 0.4822314981949458 0.45176494183714405
0 0.11880387931034483 0.3448275862068966 0.1390086206896552 0.3448275862068966 0.1390086206896552 0.37212643678160917 0.11880387931034483 0.37212643678160917
0 0.17726293103448276 0.5181992337164751 0.19639008620689655 0.5181992337164751 0.19639008620689655 0.553639846743295 0.17726293103448276 0.553639846743295
0 0.16082974137931033 0.5694444444444444 0.1861530172413793 0.5694444444444444 0.1861530172413793 0.6096743295019157 0.16082974137931033 0.6096743295019157
0 0.16702586206896552 0.6834291187739464 0.1861530172413793 0.6834291187739464 0.1861530172413793 0.7207854406130269 0.16702586206896552 0.7207854406130269
0 0.08243534482758622 0.6417624521072797 0.10317887931034483 0.6417624521072797 0.10317887931034483 0.6839080459770115 0.08243534482758622 0.6839080459770115
0 0.7310758023648649 0.7807807807807808 0.761692356418919 0.7807807807807808 0.761692356418919 0.8164414414414414 0.7310758023648649 0.8164414414414414
0 0.7366184543918919 0.8352102102102102 0.7527185388513514 0.8352102102102102 0.7527185388513514 0.8661786786786787 0.7366184543918919 0.8661786786786787
0 0.7437447212837839 0.8891704204204204 0.7632759712837839 0.8891704204204204 0.7632759712837839 0.9253003003003003 0.7437447212837839 0.9253003003003003
0 0.7619562922297297 0.87743993993994 0.7780563766891893 0.87743993993994 0.7780563766891893 0.9093468468468467 0.7619562922297297 0.9093468468468467
0 0.7878220016891893 0.8549174174174173 0.8036581503378379 0.8549174174174173 0.8036581503378379 0.8999624624624626 0.7878220016891893 0.8999624624624626
0 0.5658519847972974 0.9492304804804804 0.5874947212837839 0.9492304804804804 0.5874947212837839 0.9834834834834835 0.5658519847972974 0.9834834834834835
