0 0.4105141932270916 0.2921646746347941 0.4344808266932271 0.2921646746347941 0.4344808266932271 0.3342186808322266 0.4105141932270916 0.3342186808322266
0 0.24835034860557773 0.5555555555555555 0.2720057270916335 0.5555555555555555 0.2720057270916335 0.5953961930057546 0.24835034860557773 0.5953961930057546
0 0.26982694223107573 0.49800796812749 0.28725722111553786 0.49800796812749 0.28725722111553786 0.5350818946436476 0.26982694223107573 0.5350818946436476
0 0.24274775896414344 0.6778441788401948 0.26671439243027895 0.6778441788401948 0.26671439243027895 0.7198981850376273 0.24274775896414344 0.7198981850376273
0 0.5782806274900397 0.3995130588756087 0.5997572211155378 0.3995130588756087 0.5997572211155378 0.4365869853917662 0.5782806274900397 0.4365869853917662
0 0.859649658203125 0.7953559027777778 0.887115478515625 0.7953559027777778 0.887115478515625 0.8338758680555556 0.859649658203125 0.8338758680555556
0 0.856597900390625 0.8371310763888888 0.877655029296875 0.8371310763888888 0.877655029296875 0.8582899305555556 0.856597900390625 0.8582899305555556
0 0.843170166015625 0.8506944444444444 0.863311767578125 0.8506944444444444 0.863311767578125 0.8875868055555556 0.843170166015625 0.8875868055555556
0 0.754974365234375 0.7373046875 0.780303955078125 0.7373046875 0.780303955078125 0.7638888888888888 0.754974365234375 0.7638888888888888
0 0.877349853515625 0.8859592013888888 0.895355224609375 0.8859592013888888 0.895355224609375 0.9375 0.877349853515625 0.9375
0 0.847137451171875 0.9071180555555556 0.872161865234375 0.9071180555555556 0.872161865234375 0.9494357638888888 0.847137451171875 0.9494357638888888
0 0.910308837890625 0.8761935763888888 0.935333251953125 0.8761935763888888 0.935333251953125 0.9244791666666666 0.910308837890625 0.9244791666666666
0 0.17447916666666666 0.30349794238683125 0.1958912037037037 0.30349794238683125 0.1958912037037037 0.3405349794238683 0.17447916666666666 0.3405349794238683
