0 0.3046875 0.5610889774236387 0.3305216633466136 0.5610889774236387 0.3305216633466136 0.6092297476759627 0.3046875 0.6092297476759627
0 0.3230515438247012 0.5013280212483399 0.34670692231075695 0.5013280212483399 0.34670692231075695 0.5389552899513058 0.3230515438247012 0.5389552899513058
0 0.2916147908366534 0.6911243913235944 0.3186939741035857 0.6911243913235944 0.3186939741035857 0.7387118193891101 0.2916147908366534 0.7387118193891101
0 0.6277701693227091 0.39674634794156705 0.655160607569721 0.39674634794156705 0.655160607569721 0.4332669322709163 0.6277701693227091 0.4332669322709163
0 0.5387512450199202 0.39010624169986713 0.5602278386454183 0.39010624169986713 0.5602278386454183 0.4332669322709163 0.5387512450199202 0.4332669322709163
0 0.2091322211155379 0.2921646746347941 0.23745642430278888 0.2921646746347941 0.23745642430278888 0.3391987605135015 0.2091322211155379 0.3391987605135015
0 0.9364483173076923 0.8102742165242164 0.9644931891025642 0.8102742165242164 0.9644931891025642 0.852118945868946 0.9364483173076923 0.852118945868946
0 0.9344451121794872 0.907318376068376 0.9599859775641025 0.907318376068376 0.9599859775641025 0.9491631054131052 0.9344451121794872 0.9491631054131052
0 0.9119090544871795 0.9277955840455842 0.9344451121794872 0.9277955840455842 0.9344451121794872 0.9642984330484331 0.9119090544871795 0.9642984330484331
0 0.9755108173076923 0.8968278943278947 0.99921875 0.8968278943278947 0.99921875 0.9420405982905982 0.9755108173076923 0.9420405982905982
0 0.910308837890625 0.8599175347222222 0.925567626953125 0.8599175347222222 0.925567626953125 0.8989800347222222 0.910308837890625 0.8989800347222222
0 0.924346923828125 0.8463541666666666 0.945709228515625 0.8463541666666666 0.945709228515625 0.8837890625 0.924346923828125 0.8837890625
0 0.805328369140625 0.7459852430555556 0.823333740234375 0.7459852430555556 0.823333740234375 0.7850477430555556 0.805328369140625 0.7850477430555556
0 0.4674215587044534 0.2918353576248313 0.494622975708502 0.2918353576248313 0.494622975708502 0.3328834907782276 0.4674215587044534 0.3328834907782276
