0 0.39470108695652173 0.524020397208803 0.42036533816425126 0.524020397208803 0.42036533816425126 0.581052066559313 0.39470108695652173 0.581052066559313
0 0.41583635265700486 0.4710144927536233 0.4384812801932367 0.4710144927536233 0.4384812801932367 0.5052334943639292 0.41583635265700486 0.5052334943639292
0 0.5505736714975845 0.24557165861513688 0.5769927536231884 0.24557165861513688 0.5769927536231884 0.29522275899087497 0.5505736714975845 0.29522275899087497
0 0.7049365942028986 0.356280193236715 0.732487922705314 0.356280193236715 0.732487922705314 0.394524959742351 0.7049365942028986 0.394524959742351
0 0.2743055555555555 0.26234567901234573 0.29996980676328505 0.26234567901234573 0.29996980676328505 0.29924852388620504 0.2743055555555555 0.29924852388620504
0 0.2252415458937198 0.11876006441223833 0.24939613526570045 0.11876006441223833 0.24939613526570045 0.16170155662909289 0.2252415458937198 0.16170155662909289
0 0.807553391959799 0.961683417085427 0.8358197236180904 0.961683417085427 0.8358197236180904 0.9944863204913457 0.807553391959799 0.9944863204913457
0 0.8746859296482412 0.7048436627582356 0.8990263819095479 0.7048436627582356 0.8990263819095479 0.7432300390843104 0.8746859296482412 0.7432300390843104
0 0.7740858402489627 0.2777777777777778 0.7983985995850623 0.2777777777777778 0.7983985995850623 0.31984785615491007 0.7740858402489627 0.31984785615491007
0 0.6149183091286308 0.34923928077455046 0.6385827282157677 0.34923928077455046 0.6385827282157677 0.38785154449054865 0.6149183091286308 0.38785154449054865
0 0.5838815789473684 0.1935916179337232 0.6071820175438596 0.1935916179337232 0.6071820175438596 0.23318713450292397 0.5838815789473684 0.23318713450292397
