0 0.4799502212389381 0.1800229432972796 0.5518528761061947 0.1800229432972796 0.5518528761061947 0.32997377908882336 0.4799502212389381 0.32997377908882336
0 0.7855365044247787 0.19395280235988202 0.8869376843657817 0.19395280235988202 0.8869376843657817 0.32669616519174044 0.7855365044247787 0.32669616519174044
0 0.8214878318584071 0.0038511963290724723 0.9325682153392331 0.0038511963290724723 0.9325682153392331 0.1562602425434284 0.8214878318584071 0.1562602425434284
0 0.9086006637168142 0.2857259914782039 0.9560748525073746 0.2857259914782039 0.9560748525073746 0.3365290068829892 0.9086006637168142 0.3365290068829892
0 0.5647584808259587 0.6946083251392985 0.6818307522123894 0.6946083251392985 0.6818307522123894 0.9010980006555227 0.5647584808259587 0.9010980006555227
0 0.4306323746312685 0.7282038675843986 0.5154406342182891 0.7282038675843986 0.5154406342182891 0.8912651589642739 0.4306323746312685 0.8912651589642739
0 0.07158001474926262 0.7101769911504425 0.13011615044247796 0.7101769911504425 0.13011615044247796 0.7888397246804326 0.07158001474926262 0.7888397246804326
0 0.0 0.7912979351032448 0.07757190265486734 0.7912979351032448 0.07757190265486734 0.9308355588137753 0.0 0.9308355588137753
0 0.10430494100294993 0.27015732546706 0.1609974188790561 0.27015732546706 0.1609974188790561 0.3668469354310062 0.10430494100294993 0.3668469354310062
0 3.7007434154171884e-18 0.42666338905276957 0.028714970501475003 0.42666338905276957 0.028714970501475003 0.5487469126634433 3.7007434154171884e-18 0.5487469126634433
0 0.49211090686274506 0.3471541394335513 0.5698529411764706 0.3471541394335513 0.5698529411764706 0.4451933551198258 0.49211090686274506 0.4451933551198258
