0 0.5791355721393034 0.9337110742583378 0.6068615257048092 0.9337110742583378 0.6068615257048092 0.9834623180394325 0.5791355721393034 0.9834623180394325
0 0.5146144278606964 0.759581721024507 0.5348258706467661 0.759581721024507 0.5348258706467661 0.7918278975492905 0.5146144278606964 0.7918278975492905
0 0.5327529021558871 0.7480652294085129 0.5449315920398009 0.7480652294085129 0.5449315920398009 0.7720195319697806 0.5327529021558871 0.7720195319697806
0 0.38310185185185186 0.8212448559670782 0.3962673611111111 0.8212448559670782 0.3962673611111111 0.8443930041152263 0.38310185185185186 0.8443930041152263
0 0.45384837962962965 0.8575102880658436 0.4712094907407407 0.8575102880658436 0.4712094907407407 0.8901748971193416 0.45384837962962965 0.8901748971193416
0 0.6046789617486339 0.711900425015179 0.6193647540983606 0.711900425015179 0.6193647540983606 0.7264723740133576 0.6046789617486339 0.7264723740133576
0 0.3421919515669515 0.6143162393162394 0.35888532763532754 0.6143162393162394 0.35888532763532754 0.6562598923710036 0.3421919515669515 0.6562598923710036
0 0.6392164570230608 0.1441299790356394 0.6575602725366877 0.1441299790356394 0.6575602725366877 0.18634987188446306 0.6392164570230608 0.18634987188446306
0 0.4501262626262626 0.23092031425364756 0.4690656565656565 0.23092031425364756 0.4690656565656565 0.25813692480359146 0.4501262626262626 0.25813692480359146
0 0.42149792609351433 0.3254985754985756 0.43339932126696834 0.3254985754985756 0.43339932126696834 0.3470755823697001 0.42149792609351433 0.3470755823697001
0 0.3791949472096531 0.39295290765879004 0.39050716440422323 0.39295290765879004 0.39050716440422323 0.4090832914362327 0.3791949472096531 0.4090832914362327
0 0.399092535787321 0.5958588957055214 0.4197021983640081 0.5958588957055214 0.4197021983640081 0.6253976369007044 0.399092535787321 0.6253976369007044
