0 0.4696268237934904 0.926175333582741 0.4940025252525252 0.926175333582741 0.4940025252525252 0.9763686245167728 0.4696268237934904 0.9763686245167728
0 0.5456804281345565 0.44818212708120964 0.5705275229357798 0.44818212708120964 0.5705275229357798 0.49122210895911195 0.5456804281345565 0.49122210895911195
0 0.562085881753313 0.4702684335711858 0.5839067278287461 0.4702684335711858 0.5839067278287461 0.5045305244082002 0.562085881753313 0.5045305244082002
0 0.41121508699633696 0.7557488807488807 0.4309609661172161 0.7557488807488807 0.4309609661172161 0.7898351648351648 0.41121508699633696 0.7898351648351648
0 0.4279561584249085 0.7488807488807488 0.44269402472527475 0.7488807488807488 0.44269402472527475 0.7654151404151405 0.4279561584249085 0.7654151404151405
0 0.5932671081677704 0.1967745891586951 0.6143073951434879 0.1967745891586951 0.6143073951434879 0.23601913171449593 0.5932671081677704 0.23601913171449593
0 0.5323882450331126 0.13361540348295312 0.5510140728476821 0.13361540348295312 0.5510140728476821 0.16918077017414765 0.5323882450331126 0.16918077017414765
0 0.5210057947019868 0.02906548933038998 0.5479097682119206 0.02906548933038998 0.5479097682119206 0.07658817758155506 0.5210057947019868 0.07658817758155506
0 0.5173417780252413 0.00041243916522312957 0.5484293801039347 0.00041243916522312957 0.5484293801039347 0.022065495339437434 0.5173417780252413 0.022065495339437434
0 0.5083403716216216 0.6925362862862864 0.5224169481981982 0.6925362862862864 0.5224169481981982 0.7100538038038038 0.5083403716216216 0.7100538038038038
