0 0.5065816749585406 0.866915422885572 0.5472636815920396 0.866915422885572 0.5472636815920396 0.9484521835268104 0.5065816749585406 0.9484521835268104
0 0.39026770008795075 0.7527118147170917 0.41898911609498685 0.7527118147170917 0.41898911609498685 0.7920453434965308 0.39026770008795075 0.7920453434965308
0 0.3707214038128249 0.5860132229283009 0.3882329578278451 0.5860132229283009 0.3882329578278451 0.6230823544515052 0.3707214038128249 0.6230823544515052
0 0.4840140264026403 0.5474880821415475 0.49876237623762376 0.5474880821415475 0.49876237623762376 0.570957095709571 0.4840140264026403 0.570957095709571
0 0.5631188118811881 0.5592225889255593 0.5813737623762376 0.5592225889255593 0.5813737623762376 0.5863586358635864 0.5631188118811881 0.5863586358635864
0 0.48488355780022446 0.45822421748347675 0.4982112794612794 0.45822421748347675 0.4982112794612794 0.48565905973313395 0.48488355780022446 0.48565905973313395
0 0.39842873176206506 0.3796608055867315 0.41421156004489335 0.3796608055867315 0.41421156004489335 0.40273101384212495 0.39842873176206506 0.40273101384212495
0 0.44034090909090906 0.22128694350916575 0.4615600448933782 0.22128694350916575 0.4615600448933782 0.2627509664546702 0.44034090909090906 0.2627509664546702
0 0.5118897306397306 0.1897992268362639 0.5348625140291806 0.1897992268362639 0.5348625140291806 0.22253398179324108 0.5118897306397306 0.22253398179324108
0 0.43677662037037035 0.14557613168724282 0.4586226851851852 0.14557613168724282 0.4586226851851852 0.18647119341563786 0.43677662037037035 0.18647119341563786
0 0.3578561917443409 0.12833505942693696 0.36728806036395917 0.12833505942693696 0.36728806036395917 0.14806184346796866 0.3578561917443409 0.14806184346796866
