0 0.5608393719806765 0.9558060475934873 0.5764392109500805 0.9558060475934873 0.5764392109500805 0.9965110037573808 0.5608393719806765 0.9965110037573808
0 0.3577898550724638 0.8896045804258365 0.3716284219001611 0.8896045804258365 0.3716284219001611 0.9258364644838075 0.3577898550724638 0.9258364644838075
0 0.4209440418679549 0.6136160314904276 0.4370471014492754 0.6136160314904276 0.4370471014492754 0.6476113794954375 0.4209440418679549 0.6476113794954375
0 0.4523953301127214 0.8153515834675256 0.46724033816425126 0.8153515834675256 0.46724033816425126 0.8386115584183218 0.4523953301127214 0.8386115584183218
0 0.590529388083736 0.7670424047235641 0.611413043478261 0.7670424047235641 0.611413043478261 0.8001431383073896 0.590529388083736 0.8001431383073896
0 0.5261171497584541 0.8578457684737878 0.5394524959742352 0.8578457684737878 0.5394524959742352 0.8896045804258365 0.5261171497584541 0.8896045804258365
0 0.6084357923497268 0.762295081967213 0.6200478142076502 0.762295081967213 0.6200478142076502 0.7826350941105039 0.6084357923497268 0.7826350941105039
0 0.492606351981352 0.348970473970474 0.5011655011655012 0.348970473970474 0.5011655011655012 0.3654817404817404 0.492606351981352 0.3654817404817404
0 0.4918779137529138 0.3327829577829578 0.5011655011655012 0.3327829577829578 0.5011655011655012 0.3483229733229733 0.4918779137529138 0.3483229733229733
0 0.5313956876456877 0.23403910903910902 0.5476034382284383 0.23403910903910902 0.5476034382284383 0.26058663558663553 0.5313956876456877 0.26058663558663553
