0 0.4623789500509684 0.6724430852871219 0.48690749235474 0.6724430852871219 0.48690749235474 0.7174651715936119 0.4623789500509684 0.7174651715936119
0 0.4819699286442406 0.6925472873485106 0.5050649847094801 0.6925472873485106 0.5050649847094801 0.7341714803488504 0.4819699286442406 0.7341714803488504
0 0.6282721499380421 0.5593418697507917 0.6530552973977695 0.5593418697507917 0.6530552973977695 0.6130386892468677 0.6282721499380421 0.6130386892468677
0 0.5922591387856257 0.5975492220845381 0.6220763630731103 0.5975492220845381 0.6220763630731103 0.6350681536555143 0.5922591387856257 0.6350681536555143
0 0.5742526332094176 0.5545229244114002 0.5936144671623296 0.5545229244114002 0.5936144671623296 0.5985818532286934 0.5742526332094176 0.5985818532286934
0 0.5827718401486989 0.3593556381660471 0.6063932775712516 0.3593556381660471 0.6063932775712516 0.399284042406719 0.5827718401486989 0.399284042406719
0 0.4199911347517731 0.3069345941686367 0.4397532505910166 0.3069345941686367 0.4397532505910166 0.3400971893879695 0.4199911347517731 0.3400971893879695
0 0.43827570921985815 0.2960992907801418 0.4574837470449173 0.2960992907801418 0.4574837470449173 0.32368006304176516 0.43827570921985815 0.32368006304176516
0 0.561650413711584 0.05082742316784869 0.5762411347517731 0.05082742316784869 0.5762411347517731 0.07775151037562383 0.561650413711584 0.07775151037562383
0 0.545951536643026 0.07249802994483845 0.5603575650118203 0.07249802994483845 0.5603575650118203 0.09876543209876543 0.545951536643026 0.09876543209876543
0 0.48724856321839083 0.0028735632183908046 0.5098778735632183 0.0028735632183908046 0.5098778735632183 0.04565772669220945 0.48724856321839083 0.04565772669220945
0 0.4604328165374677 0.13601780074648293 0.4846576227390181 0.13601780074648293 0.4846576227390181 0.17657192075796727 0.4604328165374677 0.17657192075796727
