0 0.3707561728395062 0.6481481481481481 0.39641203703703703 0.6481481481481481 0.39641203703703703 0.6951303155006858 0.3707561728395062 0.6951303155006858
0 0.38927469135802467 0.6659807956104252 0.4149305555555555 0.6659807956104252 0.4149305555555555 0.7122770919067215 0.38927469135802467 0.7122770919067215
0 0.5407021604938271 0.5216049382716049 0.5638503086419753 0.5216049382716049 0.5638503086419753 0.578875171467764 0.5407021604938271 0.578875171467764
0 0.48756544502617793 0.5247236765561373 0.505835514834206 0.5247236765561373 0.505835514834206 0.5622939693620321 0.48756544502617793 0.5622939693620321
0 0.5081533595113438 0.5656874151638549 0.538012652705061 0.5656874151638549 0.538012652705061 0.6020457630405274 0.5081533595113438 0.6020457630405274
0 0.5764973958333334 0.40329661558109836 0.5927734375 0.40329661558109836 0.5927734375 0.44161079182630913 0.5764973958333334 0.44161079182630913
0 0.6416015625 0.3675766283524905 0.6529386673850576 0.3675766283524905 0.6529386673850576 0.38833014048531295 0.6416015625 0.38833014048531295
0 0.4966397849462366 0.3278076463560335 0.5193212365591398 0.3278076463560335 0.5193212365591398 0.36626344086021506 0.4966397849462366 0.36626344086021506
0 0.5665742607526882 0.24977598566308243 0.5947160618279571 0.24977598566308243 0.5947160618279571 0.31586021505376344 0.5665742607526882 0.31586021505376344
0 0.5569136424731183 0.07205794504181602 0.5831653225806452 0.07205794504181602 0.5831653225806452 0.12246117084826762 0.5569136424731183 0.12246117084826762
0 0.47238756613756616 0.020870076425631982 0.4879298941798942 0.020870076425631982 0.4879298941798942 0.04938271604938272 0.47238756613756616 0.04938271604938272
