0 0.5191326530612245 0.6882086167800453 0.5457057823129251 0.6882086167800453 0.5457057823129251 0.7328042328042327 0.5191326530612245 0.7328042328042327
0 0.5397534013605442 0.7059712773998488 0.5629251700680271 0.7059712773998488 0.5629251700680271 0.7513227513227513 0.5397534013605442 0.7513227513227513
0 0.4794407894736842 0.32001299545159195 0.4986293859649122 0.32001299545159195 0.4986293859649122 0.35250162443144895 0.4794407894736842 0.35250162443144895
0 0.49657346491228066 0.3078297595841455 0.5162189327485379 0.3078297595841455 0.5162189327485379 0.3366634178037686 0.49657346491228066 0.3366634178037686
0 0.5214729532163742 0.1457927225471085 0.5436312134502924 0.1457927225471085 0.5436312134502924 0.1831546458739441 0.5214729532163742 0.1831546458739441
0 0.5461440058479532 0.012589343729694606 0.5683022660818714 0.012589343729694606 0.5683022660818714 0.05482456140350876 0.5461440058479532 0.05482456140350876
0 0.6206140350877193 0.05157569850552306 0.6359192251461988 0.05157569850552306 0.6359192251461988 0.08568875893437296 0.6206140350877193 0.08568875893437296
0 0.6238121345029239 0.13442170240415852 0.6409448099415205 0.13442170240415852 0.6409448099415205 0.16569200779727092 0.6238121345029239 0.16569200779727092
0 0.5813230994152047 0.2794022092267706 0.5963998538011697 0.2794022092267706 0.5963998538011697 0.30701754385964913 0.5813230994152047 0.30701754385964913
0 0.34755291005291006 0.9359200470311582 0.3619378306878307 0.9359200470311582 0.3619378306878307 0.9779541446208112 0.34755291005291006 0.9779541446208112
