0 0.4091435185185185 0.6611796982167352 0.43479938271604934 0.6611796982167352 0.43479938271604934 0.7074759945130314 0.4091435185185185 0.7074759945130314
0 0.4288194444444444 0.6807270233196159 0.45196759259259256 0.6807270233196159 0.45196759259259256 0.7222222222222222 0.4288194444444444 0.7222222222222222
0 0.574461511299435 0.5425690521029505 0.5967514124293786 0.5425690521029505 0.5967514124293786 0.5959274952919021 0.574461511299435 0.5959274952919021
0 0.6083002645502645 0.4203409758965314 0.6256613756613756 0.4203409758965314 0.6256613756613756 0.45708406819517927 0.6083002645502645 0.45708406819517927
0 0.5409297963558414 0.5826187924258663 0.5675576098606645 0.5826187924258663 0.5675576098606645 0.6165594855305466 0.5409297963558414 0.6165594855305466
0 0.5305059523809523 0.34964726631393295 0.5520833333333334 0.34964726631393295 0.5520833333333334 0.3897707231040564 0.5305059523809523 0.3897707231040564
0 0.5994543650793651 0.28174603174603174 0.6272321428571428 0.28174603174603174 0.6272321428571428 0.34082892416225746 0.5994543650793651 0.34082892416225746
0 0.5912698412698413 0.09611992945326278 0.6175595238095237 0.09611992945326278 0.6175595238095237 0.14991181657848324 0.5912698412698413 0.14991181657848324
0 0.3645833333333333 0.29320987654320985 0.38591269841269843 0.29320987654320985 0.38591269841269843 0.3267195767195767 0.3645833333333333 0.3267195767195767
0 0.3829365079365079 0.2804232804232804 0.40054563492063494 0.2804232804232804 0.40054563492063494 0.3126102292768959 0.3829365079365079 0.3126102292768959
0 0.4308035714285714 0.0008818342151675485 0.4556051587301587 0.0008818342151675485 0.4556051587301587 0.031746031746031744 0.4308035714285714 0.031746031746031744
0 0.5066964285714285 0.0427689594356261 0.5220734126984127 0.0427689594356261 0.5220734126984127 0.0718694885361552 0.5066964285714285 0.0718694885361552
0 0.49206349206349204 0.06569664902998236 0.5069444444444444 0.06569664902998236 0.5069444444444444 0.08818342151675486 0.49206349206349204 0.08818342151675486
0 0.513640873015873 0.12301587301587302 0.5272817460317459 0.12301587301587302 0.5272817460317459 0.14858906525573193 0.513640873015873 0.14858906525573193
