0 0.6236979166666666 0.6005658436213992 0.64453125 0.6005658436213992 0.64453125 0.6430041152263375 0.6236979166666666 0.6430041152263375
0 0.5044398907103825 0.5191256830601093 0.5370560109289617 0.5191256830601093 0.5370560109289617 0.5637522768670309 0.5044398907103825 0.5637522768670309
0 0.5741120218579234 0.4760170006071645 0.5959699453551912 0.4760170006071645 0.5959699453551912 0.5194292653309046 0.5741120218579234 0.5194292653309046
0 0.35737872238232465 0.420482442096275 0.3967038904899135 0.420482442096275 0.3967038904899135 0.47518411783541464 0.35737872238232465 0.47518411783541464
0 0.35483801108801105 0.34205359205359204 0.37324584199584193 0.34205359205359204 0.37324584199584193 0.3688111188111188 0.35483801108801105 0.3688111188111188
0 0.523838141025641 0.35725308641975306 0.5480435363247863 0.35725308641975306 0.5480435363247863 0.3964268755935422 0.523838141025641 0.3964268755935422
0 0.4749568221070812 0.22929859911725198 0.4903389464594128 0.22929859911725198 0.4903389464594128 0.25304644022260603 0.4749568221070812 0.25304644022260603
0 0.4740674083769633 0.18198565057203803 0.490701352530541 0.18198565057203803 0.490701352530541 0.20961799495830913 0.4740674083769633 0.20961799495830913
0 0.5835734870317002 0.007418080905112654 0.5991834774255522 0.007418080905112654 0.5991834774255522 0.04797737218486502 0.5835734870317002 0.04797737218486502
0 0.43388980868285504 0.09811135638950208 0.4505610743193525 0.09811135638950208 0.4505610743193525 0.132245932466683 0.43388980868285504 0.132245932466683
