0 0.3780906593406594 0.6528964862298196 0.4027014652014652 0.6528964862298196 0.4027014652014652 0.6993623660290327 0.3780906593406594 0.6993623660290327
0 0.3996489621489622 0.791276624609958 0.4442918192918193 0.791276624609958 0.4442918192918193 0.8638583638583639 0.3996489621489622 0.8638583638583639
0 0.48664529914529914 0.701058201058201 0.5186965811965812 0.701058201058201 0.5186965811965812 0.740401573734907 0.48664529914529914 0.740401573734907
0 0.3422237484737485 0.7058065391398725 0.3683608058608059 0.7058065391398725 0.3683608058608059 0.778727445394112 0.3422237484737485 0.778727445394112
0 0.430746336996337 0.37342287342287345 0.45554792429792434 0.37342287342287345 0.45554792429792434 0.4134445801112468 0.430746336996337 0.4134445801112468
0 0.38457722832722835 0.35714285714285715 0.40193833943833945 0.35714285714285715 0.40193833943833945 0.39105955772622436 0.38457722832722835 0.39105955772622436
0 0.5757402319902322 0.4785646452313119 0.61122557997558 0.4785646452313119 0.61122557997558 0.5440238773572107 0.5757402319902322 0.5440238773572107
0 0.5604777167277167 0.3374711708045041 0.5824175824175825 0.3374711708045041 0.5824175824175825 0.37545787545787546 0.5604777167277167 0.37545787545787546
0 0.5154532967032968 0.06681590014923348 0.5347222222222222 0.06681590014923348 0.5347222222222222 0.10819427486094152 0.5154532967032968 0.10819427486094152
0 0.527281746031746 0.09903676570343237 0.5469322344322346 0.09903676570343237 0.5469322344322346 0.13600596933930267 0.527281746031746 0.13600596933930267
