0 0.3477564102564103 0.7638040971374305 0.3929716117216117 0.7638040971374305 0.3929716117216117 0.8394383394383395 0.3477564102564103 0.8394383394383395
0 0.4254044566544567 0.8723375390042056 0.4689026251526252 0.8723375390042056 0.4689026251526252 0.9303350970017638 0.4254044566544567 0.9303350970017638
0 0.40327380952380953 0.6935965269298603 0.43131868131868134 0.6935965269298603 0.43131868131868134 0.7444715778049111 0.40327380952380953 0.7444715778049111
0 0.6089362026862027 0.49179215845882507 0.6480463980463982 0.49179215845882507 0.6480463980463982 0.5548772215438882 0.6089362026862027 0.5548772215438882
0 0.4503968253968254 0.3835978835978836 0.47767857142857145 0.3835978835978836 0.47767857142857145 0.4185320851987519 0.4503968253968254 0.4185320851987519
0 0.4059447496947497 0.36324786324786323 0.4267399267399268 0.36324786324786323 0.4267399267399268 0.39987789987789985 0.4059447496947497 0.39987789987789985
0 0.5896672771672773 0.332383665716999 0.6100808913308914 0.332383665716999 0.6100808913308914 0.3622303622303622 0.5896672771672773 0.3622303622303622
0 0.5490308302808304 0.08207841541174875 0.5667735042735044 0.08207841541174875 0.5667735042735044 0.11938678605345272 0.5490308302808304 0.11938678605345272
0 0.5370115995115996 0.05799755799755799 0.5538003663003664 0.05799755799755799 0.5538003663003664 0.08987925654592321 0.5370115995115996 0.08987925654592321
0 0.5207951770451771 0.7193732193732194 0.5446428571428572 0.7193732193732194 0.5446428571428572 0.7590557590557591 0.5207951770451771 0.7590557590557591
