0 0.5075829135180521 0.7327642503964922 0.5541561712846348 0.7327642503964922 0.5541561712846348 0.7882731598096837 0.5075829135180521 0.7882731598096837
0 0.5079764903442485 0.732531019684672 0.551007556675063 0.732531019684672 0.551007556675063 0.7894393133687844 0.5079764903442485 0.7894393133687844
0 0.5151920654911838 0.6718910346114376 0.5541561712846348 0.6718910346114376 0.5541561712846348 0.7308984047019311 0.5151920654911838 0.7308984047019311
0 0.43041839916839914 0.7607415107415108 0.4583549896049896 0.7607415107415108 0.4583549896049896 0.8194540694540694 0.43041839916839914 0.8194540694540694
0 0.5375744047619048 0.5552524250440917 0.5647011408730159 0.5552524250440917 0.5647011408730159 0.6018242945326279 0.5375744047619048 0.6018242945326279
0 0.38717577262693154 0.12227127790041695 0.4025248344370861 0.12227127790041695 0.4025248344370861 0.15446406671572233 0.38717577262693154 0.15446406671572233
0 0.45822985651214126 0.25196222712779004 0.47409630242825607 0.25196222712779004 0.47409630242825607 0.28691439784155015 0.45822985651214126 0.28691439784155015
0 0.46512831125827814 0.2206892322786362 0.4787527593818985 0.2206892322786362 0.4787527593818985 0.24613686534216336 0.46512831125827814 0.24613686534216336
0 0.46806015452538635 0.4300956585724798 0.486341059602649 0.4300956585724798 0.486341059602649 0.4659676232523915 0.46806015452538635 0.4659676232523915
0 0.4951365894039735 0.30623007113073336 0.5123827262693157 0.30623007113073336 0.5123827262693157 0.3368898700024528 0.4951365894039735 0.3368898700024528
0 0.5551531456953642 0.24337748344370858 0.567742825607064 0.24337748344370858 0.567742825607064 0.27618346823644835 0.5551531456953642 0.27618346823644835
0 0.6464071327683616 0.05528091650973002 0.658103813559322 0.05528091650973002 0.658103813559322 0.08392184557438791 0.6464071327683616 0.08392184557438791
