0 0.4186157311157311 0.16283591283591284 0.44211278586278585 0.16283591283591284 0.44211278586278585 0.20865095865095865 0.4186157311157311 0.20865095865095865
0 0.5049808609437751 0.15631972333779562 0.525296498493976 0.15631972333779562 0.525296498493976 0.19271530566711287 0.5049808609437751 0.19271530566711287
0 0.6386348238482384 0.2000903342366757 0.6582825203252032 0.2000903342366757 0.6582825203252032 0.24450466726889492 0.6386348238482384 0.24450466726889492
0 0.5544241573033708 0.28942987931751973 0.5723314606741573 0.28942987931751973 0.5723314606741573 0.32792342904702454 0.5544241573033708 0.32792342904702454
0 0.4327087611225188 0.3125332724922047 0.45003422313483915 0.3125332724922047 0.45003422313483915 0.33496843866453724 0.4327087611225188 0.33496843866453724
0 0.5673363095238096 0.41761982570806105 0.5917366946778712 0.41761982570806105 0.5917366946778712 0.46060924369747897 0.5673363095238096 0.46060924369747897
0 0.5154124149659863 0.8127190270047413 0.5498125386518243 0.8127190270047413 0.5498125386518243 0.8706108706108706 0.5154124149659863 0.8706108706108706
0 0.6253930817610063 0.7182040531097135 0.6527122641509434 0.7182040531097135 0.6527122641509434 0.7489517819706499 0.6253930817610063 0.7489517819706499
0 0.5917681525735294 0.9117987472766883 0.6246074601715688 0.9117987472766883 0.6246074601715688 0.9531590413943354 0.5917681525735294 0.9531590413943354
0 0.5095972521551724 0.24644795657726695 0.5258732938218391 0.24644795657726695 0.5258732938218391 0.2689974457215837 0.5095972521551724 0.2689974457215837
