0 0.48113738738738737 0.3338338338338338 0.5140765765765766 0.3338338338338338 0.5140765765765766 0.37337337337337334 0.48113738738738737 0.37337337337337334
0 0.3454391891891892 0.19819819819819817 0.37922297297297297 0.19819819819819817 0.37922297297297297 0.27027027027027023 0.3454391891891892 0.27027027027027023
0 0.3741554054054054 0.2652652652652652 0.39695945945945943 0.2652652652652652 0.39695945945945943 0.3118118118118118 0.3741554054054054 0.3118118118118118
0 0.6404842342342342 0.2757757757757758 0.6585022522522521 0.2757757757757758 0.6585022522522521 0.3178178178178178 0.6404842342342342 0.3178178178178178
0 0.6342905405405405 0.39339339339339335 0.6573761261261261 0.39339339339339335 0.6573761261261261 0.4359359359359359 0.6342905405405405 0.4359359359359359
0 0.4912725225225225 0.5690690690690691 0.5168918918918919 0.5690690690690691 0.5168918918918919 0.6046046046046045 0.4912725225225225 0.6046046046046045
0 0.39864864864864863 0.7297297297297297 0.4259572072072072 0.7297297297297297 0.4259572072072072 0.7752752752752753 0.39864864864864863 0.7752752752752753
0 0.5368806306306306 0.6886886886886886 0.5686936936936937 0.6886886886886886 0.5686936936936937 0.7437437437437437 0.5368806306306306 0.7437437437437437
0 0.6072635135135135 0.7212212212212211 0.6272522522522522 0.7212212212212211 0.6272522522522522 0.7632632632632632 0.6072635135135135 0.7632632632632632
0 0.4521396396396396 0.4219219219219219 0.46987612612612606 0.4219219219219219 0.46987612612612606 0.45095095095095095 0.4521396396396396 0.45095095095095095
