0 0.19192708333333336 0.23564814814814816 0.23723958333333334 0.23564814814814816 0.23723958333333334 0.30972222222222223 0.19192708333333336 0.30972222222222223
0 0.14192708333333334 0.002314814814814821 0.18359375 0.002314814814814821 0.18359375 0.046759259259259264 0.14192708333333334 0.046759259259259264
0 0.24505208333333334 0.34490740740740744 0.27369791666666665 0.34490740740740744 0.27369791666666665 0.3949074074074075 0.24505208333333334 0.3949074074074075
0 0.033072916666666674 0.7236111111111111 0.06692708333333333 0.7236111111111111 0.06692708333333333 0.7791666666666667 0.033072916666666674 0.7791666666666667
0 0.22213541666666664 0.761574074074074 0.24817708333333335 0.761574074074074 0.24817708333333335 0.8263888888888888 0.22213541666666664 0.8263888888888888
0 0.14505208333333336 0.7986111111111112 0.18619791666666666 0.7986111111111112 0.18619791666666666 0.8421296296296296 0.14505208333333336 0.8421296296296296
0 0.4263020833333333 0.8625 0.4638020833333333 0.8625 0.4638020833333333 0.9254629629629628 0.4263020833333333 0.9254629629629628
0 0.89921875 0.8180555555555555 0.9518229166666666 0.8180555555555555 0.9518229166666666 0.8819444444444444 0.89921875 0.8819444444444444
0 0.9559895833333334 0.524537037037037 0.9877604166666666 0.524537037037037 0.9877604166666666 0.5837962962962964 0.9559895833333334 0.5837962962962964
0 0.9377604166666667 0.2689814814814815 0.9747395833333334 0.2689814814814815 0.9747395833333334 0.3495370370370371 0.9377604166666667 0.3495370370370371
0 0.8440104166666667 0.1050925925925926 0.8747395833333333 0.1050925925925926 0.8747395833333333 0.17453703703703705 0.8440104166666667 0.17453703703703705
0 0.06331983024691365 0.5733024691358024 0.0855034722222223 0.5733024691358024 0.0855034722222223 0.634173525377229 0.06331983024691365 0.634173525377229
0 0.275511188271605 0.3752572016460905 0.30830439814814825 0.3752572016460905 0.30830439814814825 0.420696159122085 0.275511188271605 0.420696159122085
