0 0.3922334558823529 0.29534313725490197 0.4478400735294118 0.29534313725490197 0.4478400735294118 0.38357843137254904 0.3922334558823529 0.38357843137254904
0 0.1633731617647059 0.1417483660130719 0.20335477941176466 0.1417483660130719 0.20335477941176466 0.19321895424836602 0.1633731617647059 0.19321895424836602
0 0.12890625 0.6188725490196079 0.15096507352941177 0.6188725490196079 0.15096507352941177 0.6703431372549019 0.12890625 0.6703431372549019
0 0.10409007352941177 0.7585784313725491 0.13120404411764705 0.7585784313725491 0.13120404411764705 0.8198529411764707 0.10409007352941177 0.8198529411764707
0 0.5677849264705882 0.6499183006535948 0.6192555147058824 0.6499183006535948 0.6192555147058824 0.7258986928104576 0.5677849264705882 0.7258986928104576
0 0.48414522058823534 0.4930555555555556 0.5222886029411764 0.4930555555555556 0.5222886029411764 0.5477941176470588 0.48414522058823534 0.5477941176470588
0 0.4225643382352941 0.4448529411764705 0.47311580882352944 0.4448529411764705 0.47311580882352944 0.5241013071895424 0.4225643382352941 0.5241013071895424
0 0.2902113970588235 0.6589052287581699 0.31594669117647056 0.6589052287581699 0.31594669117647056 0.7218137254901962 0.2902113970588235 0.7218137254901962
0 0.3835018382352941 0.06004901960784314 0.4147518382352941 0.06004901960784314 0.4147518382352941 0.1025326797385621 0.3835018382352941 0.1025326797385621
0 0.8573069852941175 0.002042483660130719 0.9032628676470589 0.002042483660130719 0.9032628676470589 0.05514705882352941 0.8573069852941175 0.05514705882352941
