0 0.6453381241938455 0.25393864013267 0.7084484982494932 0.25393864013267 0.7084484982494932 0.2915111940298507 0.6453381241938455 0.2915111940298507
0 0.5568914685830109 0.38686774461028184 0.6319789939192924 0.38686774461028184 0.6319789939192924 0.41718490878938636 0.5568914685830109 0.41718490878938636
0 0.2804956697991524 0.29280679933665005 0.32425833793993003 0.29280679933665005 0.32425833793993003 0.32778814262023215 0.2804956697991524 0.32778814262023215
0 0.3214943799520914 0.30498548922056384 0.3560438548000737 0.30498548922056384 0.3560438548000737 0.3306384742951907 0.3214943799520914 0.3306384742951907
0 0.04924451814999082 0.42236733001658366 0.13124193845586882 0.42236733001658366 0.13124193845586882 0.46253109452736313 0.04924451814999082 0.46253109452736313
0 0.474433388612493 0.6581674958540629 0.5366224433388612 0.6581674958540629 0.5366224433388612 0.6905576285240465 0.474433388612493 0.6905576285240465
0 0.06260364842454398 0.7198383084577114 0.14966832504145938 0.7198383084577114 0.14966832504145938 0.7610385572139303 0.06260364842454398 0.7610385572139303
0 0.7061451999262943 0.9675580431177445 0.7825728362369753 0.9675580431177445 0.7825728362369753 0.9994791666666667 0.7061451999262943 0.9994791666666667
0 0.5318690783807063 0.3255813953488372 0.5587855297157622 0.3255813953488372 0.5587855297157622 0.34294250645994834 0.5318690783807063 0.34294250645994834
0 0.5376112546655182 0.2950985142118863 0.5609388458225667 0.2950985142118863 0.5609388458225667 0.313468992248062 0.5376112546655182 0.313468992248062
0 0.9264778023056168 0.7139900662251655 0.9990740740740741 0.7139900662251655 0.9990740740740741 0.745500849541986 0.9264778023056168 0.745500849541986
