0 0.585085085085085 0.33549174174174173 0.6856022689356023 0.33549174174174173 0.6856022689356023 0.3664602102102102 0.585085085085085 0.3664602102102102
0 0.774024024024024 0.6052927927927928 0.8595261928595263 0.6052927927927928 0.8595261928595263 0.6606606606606605 0.774024024024024 0.6606606606606605
0 0.3143977310643977 0.6613644894894894 0.4674674674674675 0.6613644894894894 0.4674674674674675 0.7570852102102101 0.3143977310643977 0.7570852102102101
0 0.39197530864197533 0.7336242492492492 0.5283616950283617 0.7336242492492492 0.5283616950283617 0.798611111111111 0.39197530864197533 0.798611111111111
0 0.3114781448114782 0.8750938438438438 0.4816483149816483 0.8750938438438438 0.4816483149816483 0.9581456456456455 0.3114781448114782 0.9581456456456455
0 0.22639305972639312 0.5701013513513513 0.3048048048048048 0.5701013513513513 0.3048048048048048 0.6193693693693694 0.22639305972639312 0.6193693693693694
0 0.12170503837170511 0.6529185435435435 0.19427761094427767 0.6529185435435435 0.19427761094427767 0.6993712462462461 0.12170503837170511 0.6993712462462461
0 0.15465465465465472 0.5283408408408408 0.20929262595929268 0.5283408408408408 0.20929262595929268 0.5658783783783784 0.15465465465465472 0.5658783783783784
0 0.5436253561253561 0.32735710470085466 0.60505698005698 0.32735710470085466 0.60505698005698 0.3552350427350427 0.5436253561253561 0.3552350427350427
0 0.8989243734752718 0.7157559880239521 0.9815369261477047 0.7157559880239521 0.9815369261477047 0.7672155688622755 0.8989243734752718 0.7672155688622755
0 0.929973386560213 0.7756362275449101 0.9881902860944778 0.7756362275449101 0.9881902860944778 0.816492015968064 0.929973386560213 0.816492015968064
