0 0.7198988970588236 0.2691993464052288 0.7865349264705882 0.2691993464052288 0.7865349264705882 0.3999183006535948 0.7198988970588236 0.3999183006535948
0 0.6151194852941176 0.03799019607843137 0.6528033088235294 0.03799019607843137 0.6528033088235294 0.10580065359477125 0.6151194852941176 0.10580065359477125
0 0.3678768382352941 0.14583333333333334 0.4037224264705882 0.14583333333333334 0.4037224264705882 0.21037581699346405 0.3678768382352941 0.21037581699346405
0 0.7240349264705882 0.4758986928104575 0.7934283088235294 0.4758986928104575 0.7934283088235294 0.5698529411764706 0.7240349264705882 0.5698529411764706
0 0.8145680147058825 0.5347222222222222 0.8642003676470589 0.5347222222222222 0.8642003676470589 0.6049836601307189 0.8145680147058825 0.6049836601307189
0 0.8885569852941175 0.43096405228758167 0.9391084558823529 0.43096405228758167 0.9391084558823529 0.5322712418300654 0.8885569852941175 0.5322712418300654
0 0.31043198529411764 0.8337418300653596 0.33938419117647056 0.8337418300653596 0.33938419117647056 0.90890522875817 0.31043198529411764 0.90890522875817
0 0.2975643382352941 0.6711601307189543 0.3311121323529412 0.6711601307189543 0.3311121323529412 0.7340686274509806 0.2975643382352941 0.7340686274509806
0 0.6950827205882353 0.8214869281045752 0.73828125 0.8214869281045752 0.73828125 0.8982843137254903 0.6950827205882353 0.8982843137254903
0 0.8995863970588236 0.7471405228758171 0.9593290441176471 0.7471405228758171 0.9593290441176471 0.8255718954248367 0.8995863970588236 0.8255718954248367
