0 0.12798713235294118 0.15727124183006538 0.1716452205882353 0.15727124183006538 0.1716452205882353 0.2520424836601307 0.12798713235294118 0.2520424836601307
0 0.18497242647058826 0.2937091503267974 0.2166819852941176 0.2937091503267974 0.2166819852941176 0.35906862745098034 0.18497242647058826 0.35906862745098034
0 0.22219669117647056 0.32230392156862747 0.2585018382352941 0.32230392156862747 0.2585018382352941 0.37459150326797386 0.22219669117647056 0.37459150326797386
0 0.09260110294117647 0.7741013071895425 0.12431066176470588 0.7741013071895425 0.12431066176470588 0.8419117647058825 0.09260110294117647 0.8419117647058825
0 0.1596966911764706 0.7389705882352942 0.1987591911764706 0.7389705882352942 0.1987591911764706 0.8108660130718955 0.1596966911764706 0.8108660130718955
0 0.4193474264705882 0.761029411764706 0.45427389705882354 0.761029411764706 0.45427389705882354 0.8443627450980393 0.4193474264705882 0.8443627450980393
0 0.4037224264705882 0.8500816993464053 0.43635110294117646 0.8500816993464053 0.43635110294117646 0.9121732026143792 0.4037224264705882 0.9121732026143792
0 0.8977481617647058 0.7708333333333334 0.9418658088235293 0.7708333333333334 0.9418658088235293 0.8402777777777778 0.8977481617647058 0.8402777777777778
0 0.9245812908496731 0.1791031227305737 0.9659415849673202 0.1791031227305737 0.9659415849673202 0.25444807552650683 0.9245812908496731 0.25444807552650683
0 0.8428819444444444 0.005718954248365973 0.878625408496732 0.005718954248365973 0.878625408496732 0.06653957879448072 0.8428819444444444 0.06653957879448072
0 0.045431385869565216 0.06483997584541061 0.07600203804347826 0.06483997584541061 0.07600203804347826 0.12296195652173911 0.045431385869565216 0.12296195652173911
0 0.3356877853881278 0.30815575849822424 0.3663670091324201 0.30815575849822424 0.3663670091324201 0.36840436326737697 0.3356877853881278 0.36840436326737697
