0 0.456275720164609 0.30034722222222227 0.5831618655692731 0.30034722222222227 0.5831618655692731 0.37750771604938277 0.456275720164609 0.37750771604938277
0 0.45456104252400553 0.37943672839506176 0.5625857338820303 0.37943672839506176 0.5625857338820303 0.4392361111111112 0.45456104252400553 0.4392361111111112
0 0.7803497942386831 0.3234953703703704 0.8489368998628258 0.3234953703703704 0.8489368998628258 0.3533950617283951 0.7803497942386831 0.3533950617283951
0 0.788923182441701 0.30516975308641986 0.840363511659808 0.30516975308641986 0.840363511659808 0.3244598765432099 0.788923182441701 0.3244598765432099
0 0.06018518518518529 0.28105709876543217 0.11848422496570642 0.28105709876543217 0.11848422496570642 0.3022762345679013 0.06018518518518529 0.3022762345679013
0 0.017318244170096118 0.2270447530864198 0.05847050754458162 0.2270447530864198 0.05847050754458162 0.24729938271604945 0.017318244170096118 0.24729938271604945
0 0.04818244170096025 0.10358796296296305 0.09962277091906734 0.10358796296296305 0.09962277091906734 0.13252314814814822 0.04818244170096025 0.13252314814814822
0 0.1750685871056243 0.3630401234567902 0.2848079561042525 0.3630401234567902 0.2848079561042525 0.40740740740740744 0.1750685871056243 0.40740740740740744
0 0.183641975308642 0.5086805555555556 0.2796639231824417 0.5086805555555556 0.2796639231824417 0.55883487654321 0.183641975308642 0.55883487654321
0 0.4837105624142662 0.4392361111111112 0.5351508916323731 0.4392361111111112 0.5351508916323731 0.45949074074074076 0.4837105624142662 0.45949074074074076
0 0.686042524005487 0.44695216049382724 0.7271947873799726 0.44695216049382724 0.7271947873799726 0.46720679012345684 0.686042524005487 0.46720679012345684
0 0.5488683127572016 0.6851851851851852 0.6157407407407408 0.6851851851851852 0.6157407407407408 0.7247299382716049 0.5488683127572016 0.7247299382716049
0 0.40312071330589844 0.9320987654320988 0.4802812071330591 0.9320987654320988 0.4802812071330591 0.9697145061728396 0.40312071330589844 0.9697145061728396
