0 0.3722565157750343 0.3746141975308642 0.46656378600823056 0.3746141975308642 0.46656378600823056 0.4170524691358025 0.3722565157750343 0.4170524691358025
0 0.752914951989026 0.3244598765432099 0.8729423868312757 0.3244598765432099 0.8729423868312757 0.3900462962962964 0.752914951989026 0.3900462962962964
0 0.8712277091906722 0.3292824074074075 0.9175240054869686 0.3292824074074075 0.9175240054869686 0.3524305555555556 0.8712277091906722 0.3524305555555556
0 0.6517489711934158 0.3910108024691359 0.7649176954732511 0.3910108024691359 0.7649176954732511 0.46238425925925936 0.6517489711934158 0.46238425925925936
0 0.37740054869684514 0.5144675925925927 0.4871399176954733 0.5144675925925927 0.4871399176954733 0.55883487654321 0.37740054869684514 0.55883487654321
0 0.6911865569272976 0.6745756172839507 0.7752057613168725 0.6745756172839507 0.7752057613168725 0.7160493827160493 0.6911865569272976 0.7160493827160493
0 0.428840877914952 0.8472222222222222 0.4871399176954733 0.8472222222222222 0.4871399176954733 0.8819444444444445 0.428840877914952 0.8819444444444445
0 0.5540123456790124 0.9195601851851852 0.6483196159122087 0.9195601851851852 0.6483196159122087 0.951388888888889 0.5540123456790124 0.951388888888889
0 0.1373456790123457 0.11998456790123464 0.19221536351165994 0.11998456790123464 0.19221536351165994 0.15277777777777785 0.1373456790123457 0.15277777777777785
0 0.7700617283950617 0.1460262345679013 0.8352194787379973 0.1460262345679013 0.8352194787379973 0.18557098765432106 0.7700617283950617 0.18557098765432106
